0.0;0.0,0.0,0.0;1.0,0.0,0.0,0.0
0.03623188;0.0,-0.001431,0.003984;1.0,0.0,0.0,0.0
0.07246377;0.0,-0.003492,0.008373;1.0,0.0,0.0,0.0
0.10869565;0.0,-0.00616,0.013158;1.0,0.0,0.0,0.0
0.14492754;0.0,-0.00941,0.018331;1.0,0.0,0.0,0.0
0.18115942;0.0,-0.013217,0.023884;1.0,0.0,0.0,0.0
0.2173913;0.0,-0.017557,0.029808;1.0,0.0,0.0,0.0
0.25362319;0.0,-0.022404,0.036095;1.0,0.0,0.0,0.0
0.28985507;0.0,-0.027736,0.042737;1.0,0.0,0.0,0.0
0.32608696;0.0,-0.033526,0.049726;1.0,0.0,0.0,0.0
0.36231884;0.0,-0.039751,0.057052;1.0,0.0,0.0,0.0
0.39855072;0.0,-0.046386,0.064708;1.0,0.0,0.0,0.0
0.43478261;0.0,-0.053405,0.072686;1.0,0.0,0.0,0.0
0.47101449;0.0,-0.060786,0.080977;1.0,0.0,0.0,0.0
0.50724638;0.0,-0.068503,0.089573;1.0,0.0,0.0,0.0
0.54347826;0.0,-0.076531,0.098465;1.0,0.0,0.0,0.0
0.57971014;0.0,-0.084847,0.107646;1.0,0.0,0.0,0.0
0.61594203;0.0,-0.093424,0.117106;1.0,0.0,0.0,0.0
0.65217391;0.0,-0.10224,0.126838;1.0,0.0,0.0,0.0
0.6884058;0.0,-0.111269,0.136833;1.0,0.0,0.0,0.0
0.72463768;0.0,-0.120487,0.147084;1.0,0.0,0.0,0.0
0.76086957;0.0,-0.129869,0.157581;1.0,0.0,0.0,0.0
0.79710145;0.0,-0.139391,0.168316;1.0,0.0,0.0,0.0
0.83333333;0.0,-0.149027,0.179281;1.0,0.0,0.0,0.0
0.86956522;0.0,-0.158755,0.190468;1.0,0.0,0.0,0.0
0.9057971;0.0,-0.168548,0.201869;1.0,0.0,0.0,0.0
0.94202899;0.0,-0.178382,0.213474;1.0,0.0,0.0,0.0
0.97826087;0.0,-0.188233,0.225276;1.0,0.0,0.0,0.0
1.01449275;0.0,-0.198077,0.237267;1.0,0.0,0.0,0.0
1.05072464;0.0,-0.207885,0.24943;1.0,0.0,0.0,0.0
1.08695652;0.0,-0.217621,0.26172;1.0,0.0,0.0,0.0
1.12318841;0.0,-0.227246,0.274085;1.0,0.0,0.0,0.0
1.15942029;0.0,-0.236719,0.286472;1.0,0.0,0.0,0.0
1.19565217;0.0,-0.246001,0.298829;1.0,0.0,0.0,0.0
1.23188406;0.0,-0.255053,0.311103;1.0,0.0,0.0,0.0
1.26811594;0.0,-0.263834,0.323243;1.0,0.0,0.0,0.0
1.30434783;0.0,-0.272306,0.335195;1.0,0.0,0.0,0.0
1.34057971;0.0,-0.280428,0.346908;1.0,0.0,0.0,0.0
1.37681159;0.0,-0.288161,0.358329;1.0,0.0,0.0,0.0
1.41304348;0.0,-0.295466,0.369406;1.0,0.0,0.0,0.0
1.44927536;0.0,-0.302303,0.380086;1.0,0.0,0.0,0.0
1.48550725;0.0,-0.308632,0.390318;1.0,0.0,0.0,0.0
1.52173913;0.0,-0.314414,0.400048;1.0,0.0,0.0,0.0
1.55797101;0.0,-0.319609,0.409224;1.0,0.0,0.0,0.0
1.5942029;0.0,-0.324178,0.417795;1.0,0.0,0.0,0.0
1.63043478;0.0,-0.328081,0.425707;1.0,0.0,0.0,0.0
1.66666667;0.0,-0.331278,0.432908;1.0,0.0,0.0,0.0
1.70289855;0.0,-0.333729,0.439346;1.0,0.0,0.0,0.0
1.73913043;0.0,-0.335396,0.444969;1.0,0.0,0.0,0.0
1.77536232;0.0,-0.336239,0.449724;1.0,0.0,0.0,0.0
1.8115942;0.0,-0.336218,0.453559;1.0,0.0,0.0,0.0
1.84782609;0.0,-0.335293,0.456421;1.0,0.0,0.0,0.0
1.88405797;0.0,-0.333427,0.45826;1.0,0.0,0.0,0.0
1.92028986;0.0,-0.33063,0.459067;1.0,0.0,0.0,0.0
1.95652174;0.0,-0.326957,0.458871;1.0,0.0,0.0,0.0
1.99275362;0.0,-0.322464,0.457701;1.0,0.0,0.0,0.0
2.02898551;0.0,-0.317206,0.455589;1.0,0.0,0.0,0.0
2.06521739;0.0,-0.311241,0.452565;1.0,0.0,0.0,0.0
2.10144928;0.0,-0.304625,0.44866;1.0,0.0,0.0,0.0
2.13768116;0.0,-0.297413,0.443903;1.0,0.0,0.0,0.0
2.17391304;0.0,-0.289663,0.438326;1.0,0.0,0.0,0.0
2.21014493;0.0,-0.281429,0.431959;1.0,0.0,0.0,0.0
2.24637681;0.0,-0.27277,0.424833;1.0,0.0,0.0,0.0
2.2826087;0.0,-0.26374,0.416977;1.0,0.0,0.0,0.0
2.31884058;0.0,-0.254396,0.408423;1.0,0.0,0.0,0.0
2.35507246;0.0,-0.244794,0.399201;1.0,0.0,0.0,0.0
2.39130435;0.0,-0.234991,0.389342;1.0,0.0,0.0,0.0
2.42753623;0.0,-0.225043,0.378875;1.0,0.0,0.0,0.0
2.46376812;0.0,-0.215006,0.367832;1.0,0.0,0.0,0.0
2.5;0.0,-0.204936,0.356243;1.0,0.0,0.0,0.0
2.53623188;0.0,-0.19489,0.344138;1.0,0.0,0.0,0.0
2.57246377;0.0,-0.184923,0.331549;1.0,0.0,0.0,0.0
2.60869565;0.0,-0.175093,0.318504;1.0,0.0,0.0,0.0
2.64492754;0.0,-0.165454,0.305036;1.0,0.0,0.0,0.0
2.68115942;0.0,-0.156065,0.291174;1.0,0.0,0.0,0.0
2.7173913;0.0,-0.14698,0.276949;1.0,0.0,0.0,0.0
2.75362319;0.0,-0.138244,0.262399;1.0,0.0,0.0,0.0
2.78985507;0.0,-0.129865,0.24758;1.0,0.0,0.0,0.0
2.82608696;0.0,-0.121849,0.232555;1.0,0.0,0.0,0.0
2.86231884;0.0,-0.114198,0.217382;1.0,0.0,0.0,0.0
2.89855072;0.0,-0.106917,0.202123;1.0,0.0,0.0,0.0
2.93478261;0.0,-0.100009,0.186839;1.0,0.0,0.0,0.0
2.97101449;0.0,-0.093479,0.17159;1.0,0.0,0.0,0.0
3.00724638;0.0,-0.087329,0.156436;1.0,0.0,0.0,0.0
3.04347826;0.0,-0.081564,0.141439;1.0,0.0,0.0,0.0
3.07971014;0.0,-0.076188,0.126658;1.0,0.0,0.0,0.0
3.11594203;0.0,-0.071204,0.112156;1.0,0.0,0.0,0.0
3.15217391;0.0,-0.066617,0.097991;1.0,0.0,0.0,0.0
3.1884058;0.0,-0.06243,0.084225;1.0,0.0,0.0,0.0
3.22463768;0.0,-0.058646,0.070918;1.0,0.0,0.0,0.0
3.26086957;0.0,-0.055271,0.058132;1.0,0.0,0.0,0.0
3.29710145;0.0,-0.052307,0.045926;1.0,0.0,0.0,0.0
3.33333333;0.0,-0.049758,0.034361;1.0,0.0,0.0,0.0
3.36956522;0.0,-0.047629,0.023498;1.0,0.0,0.0,0.0
3.4057971;0.0,-0.045923,0.013398;1.0,0.0,0.0,0.0
3.44202899;0.0,-0.044643,0.004121;1.0,0.0,0.0,0.0
3.47826087;0.0,-0.043794,-0.004273;1.0,0.0,0.0,0.0
3.51449275;0.0,-0.04338,-0.011722;1.0,0.0,0.0,0.0
3.55072464;0.0,-0.043404,-0.018167;1.0,0.0,0.0,0.0
3.58695652;0.0,-0.043871,-0.023545;1.0,0.0,0.0,0.0
3.62318841;0.0,-0.044783,-0.027798;1.0,0.0,0.0,0.0
3.65942029;0.0,-0.046145,-0.030863;1.0,0.0,0.0,0.0
3.69565217;0.0,-0.047961,-0.032682;1.0,0.0,0.0,0.0
3.73188406;0.0,-0.050234,-0.033192;1.0,0.0,0.0,0.0
3.76811594;0.0,-0.052968,-0.032334;1.0,0.0,0.0,0.0
3.80434783;0.0,-0.056168,-0.030056;1.0,0.0,0.0,0.0
3.84057971;0.0,-0.059842,-0.026411;1.0,0.0,0.0,0.0
3.87681159;0.0,-0.063999,-0.021509;1.0,0.0,0.0,0.0
3.91304348;0.0,-0.06865,-0.01546;1.0,0.0,0.0,0.0
3.94927536;0.0,-0.073805,-0.008374;1.0,0.0,0.0,0.0
3.98550725;0.0,-0.079474,-0.000362;1.0,0.0,0.0,0.0
4.02173913;0.0,-0.085668,0.008466;1.0,0.0,0.0,0.0
4.05797101;0.0,-0.092397,0.017999;1.0,0.0,0.0,0.0
4.0942029;0.0,-0.099671,0.028127;1.0,0.0,0.0,0.0
4.13043478;0.0,-0.1075,0.038739;1.0,0.0,0.0,0.0
4.16666667;0.0,-0.115895,0.049726;1.0,0.0,0.0,0.0
4.20289855;0.0,-0.124865,0.060975;1.0,0.0,0.0,0.0
4.23913043;0.0,-0.134421,0.072377;1.0,0.0,0.0,0.0
4.27536232;0.0,-0.144573,0.083822;1.0,0.0,0.0,0.0
4.3115942;0.0,-0.155332,0.095199;1.0,0.0,0.0,0.0
4.34782609;0.0,-0.16667,0.106399;1.0,0.0,0.0,0.0
4.38405797;0.0,-0.178432,0.117311;1.0,0.0,0.0,0.0
4.42028986;0.0,-0.190437,0.12783;1.0,0.0,0.0,0.0
4.45652174;0.0,-0.202501,0.137847;1.0,0.0,0.0,0.0
4.49275362;0.0,-0.214442,0.147254;1.0,0.0,0.0,0.0
4.52898551;0.0,-0.226077,0.155943;1.0,0.0,0.0,0.0
4.56521739;0.0,-0.237223,0.163807;1.0,0.0,0.0,0.0
4.60144928;0.0,-0.247699,0.170737;1.0,0.0,0.0,0.0
4.63768116;0.0,-0.257322,0.176625;1.0,0.0,0.0,0.0
4.67391304;0.0,-0.265908,0.181364;1.0,0.0,0.0,0.0
4.71014493;0.0,-0.273275,0.184846;1.0,0.0,0.0,0.0
4.74637681;0.0,-0.279242,0.186962;1.0,0.0,0.0,0.0
4.7826087;0.0,-0.283624,0.187605;1.0,0.0,0.0,0.0
4.81884058;0.0,-0.28624,0.186668;1.0,0.0,0.0,0.0
4.85507246;0.0,-0.286917,0.184047;1.0,0.0,0.0,0.0
4.89130435;0.0,-0.285687,0.179763;1.0,0.0,0.0,0.0
4.92753623;0.0,-0.282774,0.173949;1.0,0.0,0.0,0.0
4.96376812;0.0,-0.278414,0.166745;1.0,0.0,0.0,0.0
5.0;0.0,-0.272838,0.158291;1.0,0.0,0.0,0.0
5.03623188;0.0,-0.266281,0.148725;1.0,0.0,0.0,0.0
5.07246377;0.0,-0.258975,0.138186;1.0,0.0,0.0,0.0
5.10869565;0.0,-0.251155,0.126814;1.0,0.0,0.0,0.0
5.14492754;0.0,-0.243053,0.114747;1.0,0.0,0.0,0.0
5.18115942;0.0,-0.234904,0.102125;1.0,0.0,0.0,0.0
5.2173913;0.0,-0.22694,0.089087;1.0,0.0,0.0,0.0
5.25362319;0.0,-0.219393,0.075773;1.0,0.0,0.0,0.0
5.28985507;0.0,-0.212432,0.062347;1.0,0.0,0.0,0.0
5.32608696;0.0,-0.20615,0.049007;1.0,0.0,0.0,0.0
5.36231884;0.0,-0.200632,0.03595;1.0,0.0,0.0,0.0
5.39855072;0.0,-0.195966,0.023374;1.0,0.0,0.0,0.0
5.43478261;0.0,-0.192239,0.011479;1.0,0.0,0.0,0.0
5.47101449;0.0,-0.189537,0.000461;1.0,0.0,0.0,0.0
5.50724638;0.0,-0.187948,-0.00948;1.0,0.0,0.0,0.0
5.54347826;0.0,-0.187557,-0.018147;1.0,0.0,0.0,0.0
5.57971014;0.0,-0.188453,-0.025341;1.0,0.0,0.0,0.0
5.61594203;0.0,-0.190721,-0.030864;1.0,0.0,0.0,0.0
5.65217391;0.0,-0.194433,-0.034546;1.0,0.0,0.0,0.0
5.6884058;0.0,-0.199529,-0.036438;1.0,0.0,0.0,0.0
5.72463768;0.0,-0.20589,-0.036695;1.0,0.0,0.0,0.0
5.76086957;0.0,-0.213398,-0.035473;1.0,0.0,0.0,0.0
5.79710145;0.0,-0.221931,-0.032928;1.0,0.0,0.0,0.0
5.83333333;0.0,-0.231371,-0.029216;1.0,0.0,0.0,0.0
5.86956522;0.0,-0.241598,-0.024492;1.0,0.0,0.0,0.0
5.9057971;0.0,-0.252493,-0.018912;1.0,0.0,0.0,0.0
5.94202899;0.0,-0.263935,-0.012632;1.0,0.0,0.0,0.0
5.97826087;0.0,-0.275805,-0.005807;1.0,0.0,0.0,0.0
6.01449275;0.0,-0.287985,0.001406;1.0,0.0,0.0,0.0
6.05072464;0.0,-0.300353,0.008852;1.0,0.0,0.0,0.0
6.08695652;0.0,-0.312791,0.016375;1.0,0.0,0.0,0.0
6.12318841;0.0,-0.325178,0.023819;1.0,0.0,0.0,0.0
6.15942029;0.0,-0.337396,0.031028;1.0,0.0,0.0,0.0
6.19565217;0.0,-0.349325,0.037847;1.0,0.0,0.0,0.0
6.23188406;0.0,-0.360845,0.044121;1.0,0.0,0.0,0.0
6.26811594;0.0,-0.371892,0.049789;1.0,0.0,0.0,0.0
6.30434783;0.0,-0.382498,0.054965;1.0,0.0,0.0,0.0
6.34057971;0.0,-0.392709,0.059781;1.0,0.0,0.0,0.0
6.37681159;0.0,-0.402568,0.064369;1.0,0.0,0.0,0.0
6.41304348;0.0,-0.412121,0.068862;1.0,0.0,0.0,0.0
6.44927536;0.0,-0.421412,0.073394;1.0,0.0,0.0,0.0
6.48550725;0.0,-0.430485,0.078095;1.0,0.0,0.0,0.0
6.52173913;0.0,-0.439386,0.0831;1.0,0.0,0.0,0.0
6.55797101;0.0,-0.448157,0.08854;1.0,0.0,0.0,0.0
6.5942029;0.0,-0.456845,0.094548;1.0,0.0,0.0,0.0
6.63043478;0.0,-0.465494,0.101257;1.0,0.0,0.0,0.0
6.66666667;0.0,-0.474147,0.108798;1.0,0.0,0.0,0.0
6.70289855;0.0,-0.48285,0.117306;1.0,0.0,0.0,0.0
6.73913043;0.0,-0.491641,0.126903;1.0,0.0,0.0,0.0
6.77536232;0.0,-0.500388,0.137477;1.0,0.0,0.0,0.0
6.8115942;0.0,-0.508768,0.14865;1.0,0.0,0.0,0.0
6.84782609;0.0,-0.516445,0.160029;1.0,0.0,0.0,0.0
6.88405797;0.0,-0.523086,0.171221;1.0,0.0,0.0,0.0
6.92028986;0.0,-0.528357,0.181833;1.0,0.0,0.0,0.0
6.95652174;0.0,-0.531924,0.191473;1.0,0.0,0.0,0.0
6.99275362;0.0,-0.533453,0.199747;1.0,0.0,0.0,0.0
7.02898551;0.0,-0.532611,0.206264;1.0,0.0,0.0,0.0
7.06521739;0.0,-0.529112,0.210672;1.0,0.0,0.0,0.0
7.10144928;0.0,-0.523106,0.21298;1.0,0.0,0.0,0.0
7.13768116;0.0,-0.51496,0.213381;1.0,0.0,0.0,0.0
7.17391304;0.0,-0.505044,0.212067;1.0,0.0,0.0,0.0
7.21014493;0.0,-0.493729,0.209233;1.0,0.0,0.0,0.0
7.24637681;0.0,-0.481383,0.205072;1.0,0.0,0.0,0.0
7.2826087;0.0,-0.468377,0.199778;1.0,0.0,0.0,0.0
7.31884058;0.0,-0.455081,0.193544;1.0,0.0,0.0,0.0
7.35507246;0.0,-0.441865,0.186565;1.0,0.0,0.0,0.0
7.39130435;0.0,-0.429098,0.179034;1.0,0.0,0.0,0.0
7.42753623;0.0,-0.417131,0.171133;1.0,0.0,0.0,0.0
7.46376812;0.0,-0.406116,0.162937;1.0,0.0,0.0,0.0
7.5;0.0,-0.396092,0.154458;1.0,0.0,0.0,0.0
7.53623188;0.0,-0.387096,0.145705;1.0,0.0,0.0,0.0
7.57246377;0.0,-0.379164,0.136689;1.0,0.0,0.0,0.0
7.60869565;0.0,-0.372334,0.127421;1.0,0.0,0.0,0.0
7.64492754;0.0,-0.366642,0.117912;1.0,0.0,0.0,0.0
7.68115942;0.0,-0.362126,0.108171;1.0,0.0,0.0,0.0
7.7173913;0.0,-0.358821,0.098209;1.0,0.0,0.0,0.0
7.75362319;0.0,-0.356766,0.088037;1.0,0.0,0.0,0.0
7.78985507;0.0,-0.355997,0.077665;1.0,0.0,0.0,0.0
7.82608696;0.0,-0.35655,0.067104;1.0,0.0,0.0,0.0
7.86231884;0.0,-0.358448,0.056379;1.0,0.0,0.0,0.0
7.89855072;0.0,-0.361617,0.045602;1.0,0.0,0.0,0.0
7.93478261;0.0,-0.365954,0.034916;1.0,0.0,0.0,0.0
7.97101449;0.0,-0.371353,0.024463;1.0,0.0,0.0,0.0
8.00724638;0.0,-0.37771,0.014387;1.0,0.0,0.0,0.0
8.04347826;0.0,-0.384919,0.004829;1.0,0.0,0.0,0.0
8.07971014;0.0,-0.392875,-0.004067;1.0,0.0,0.0,0.0
8.11594203;0.0,-0.401474,-0.012159;1.0,0.0,0.0,0.0
8.15217391;0.0,-0.410611,-0.019303;1.0,0.0,0.0,0.0
8.1884058;0.0,-0.420181,-0.025358;1.0,0.0,0.0,0.0
8.22463768;0.0,-0.430078,-0.03018;1.0,0.0,0.0,0.0
8.26086957;0.0,-0.440201,-0.033633;1.0,0.0,0.0,0.0
8.29710145;0.0,-0.450492,-0.035685;1.0,0.0,0.0,0.0
8.33333333;0.0,-0.460931,-0.036392;1.0,0.0,0.0,0.0
8.36956522;0.0,-0.471499,-0.035812;1.0,0.0,0.0,0.0
8.4057971;0.0,-0.482175,-0.034002;1.0,0.0,0.0,0.0
8.44202899;0.0,-0.492941,-0.031021;1.0,0.0,0.0,0.0
8.47826087;0.0,-0.503778,-0.026925;1.0,0.0,0.0,0.0
8.51449275;0.0,-0.514666,-0.021774;1.0,0.0,0.0,0.0
8.55072464;0.0,-0.525585,-0.015624;1.0,0.0,0.0,0.0
8.58695652;0.0,-0.536517,-0.008534;1.0,0.0,0.0,0.0
8.62318841;0.0,-0.547441,-0.000562;1.0,0.0,0.0,0.0
8.65942029;0.0,-0.55834,0.008235;1.0,0.0,0.0,0.0
8.69565217;0.0,-0.569193,0.0178;1.0,0.0,0.0,0.0
8.73188406;0.0,-0.57998,0.028073;1.0,0.0,0.0,0.0
8.76811594;0.0,-0.590684,0.038997;1.0,0.0,0.0,0.0
8.80434783;0.0,-0.601284,0.050514;1.0,0.0,0.0,0.0
8.84057971;0.0,-0.61176,0.062567;1.0,0.0,0.0,0.0
8.87681159;0.0,-0.622095,0.075098;1.0,0.0,0.0,0.0
8.91304348;0.0,-0.632268,0.088049;1.0,0.0,0.0,0.0
8.94927536;0.0,-0.642259,0.101361;1.0,0.0,0.0,0.0
8.98550725;0.0,-0.652051,0.114978;1.0,0.0,0.0,0.0
9.02173913;0.0,-0.661622,0.128841;1.0,0.0,0.0,0.0
9.05797101;0.0,-0.670955,0.142892;1.0,0.0,0.0,0.0
9.0942029;0.0,-0.680029,0.157075;1.0,0.0,0.0,0.0
9.13043478;0.0,-0.688825,0.17133;1.0,0.0,0.0,0.0
9.16666667;0.0,-0.697325,0.185599;1.0,0.0,0.0,0.0
9.20289855;0.0,-0.705508,0.199826;1.0,0.0,0.0,0.0
9.23913043;0.0,-0.713355,0.213953;1.0,0.0,0.0,0.0
9.27536232;0.0,-0.720847,0.227921;1.0,0.0,0.0,0.0
9.3115942;0.0,-0.727965,0.241672;1.0,0.0,0.0,0.0
9.34782609;0.0,-0.734689,0.255149;1.0,0.0,0.0,0.0
9.38405797;0.0,-0.740999,0.268294;1.0,0.0,0.0,0.0
9.42028986;0.0,-0.746878,0.28105;1.0,0.0,0.0,0.0
9.45652174;0.0,-0.752304,0.293357;1.0,0.0,0.0,0.0
9.49275362;0.0,-0.75726,0.305159;1.0,0.0,0.0,0.0
9.52898551;0.0,-0.761725,0.316398;1.0,0.0,0.0,0.0
9.56521739;0.0,-0.76568,0.327015;1.0,0.0,0.0,0.0
9.60144928;0.0,-0.769106,0.336953;1.0,0.0,0.0,0.0
9.63768116;0.0,-0.771983,0.346154;1.0,0.0,0.0,0.0
9.67391304;0.0,-0.774293,0.354561;1.0,0.0,0.0,0.0
9.71014493;0.0,-0.776015,0.362115;1.0,0.0,0.0,0.0
9.74637681;0.0,-0.777131,0.368758;1.0,0.0,0.0,0.0
9.7826087;0.0,-0.777621,0.374434;1.0,0.0,0.0,0.0
9.81884058;0.0,-0.777466,0.379083;1.0,0.0,0.0,0.0
9.85507246;0.0,-0.776646,0.382648;1.0,0.0,0.0,0.0
9.89130435;0.0,-0.775142,0.385072;1.0,0.0,0.0,0.0
9.92753623;0.0,-0.772936,0.386295;1.0,0.0,0.0,0.0
9.96376812;0.0,-0.770006,0.386262;1.0,0.0,0.0,0.0
10.0;0.0,-0.766335,0.384913;1.0,0.0,0.0,0.0
10.03623188;0.0,-0.761928,0.382238;1.0,0.0,0.0,0.0
10.07246377;0.0,-0.756846,0.378323;1.0,0.0,0.0,0.0
10.10869565;0.0,-0.751156,0.373269;1.0,0.0,0.0,0.0
10.14492754;0.0,-0.744924,0.367173;1.0,0.0,0.0,0.0
10.18115942;0.0,-0.738217,0.360137;1.0,0.0,0.0,0.0
10.2173913;0.0,-0.731104,0.352258;1.0,0.0,0.0,0.0
10.25362319;0.0,-0.72365,0.343638;1.0,0.0,0.0,0.0
10.28985507;0.0,-0.715924,0.334374;1.0,0.0,0.0,0.0
10.32608696;0.0,-0.707991,0.324567;1.0,0.0,0.0,0.0
10.36231884;0.0,-0.699919,0.314316;1.0,0.0,0.0,0.0
10.39855072;0.0,-0.691776,0.30372;1.0,0.0,0.0,0.0
10.43478261;0.0,-0.683627,0.29288;1.0,0.0,0.0,0.0
10.47101449;0.0,-0.675541,0.281894;1.0,0.0,0.0,0.0
10.50724638;0.0,-0.667584,0.270861;1.0,0.0,0.0,0.0
10.54347826;0.0,-0.659823,0.259882;1.0,0.0,0.0,0.0
10.57971014;0.0,-0.652325,0.249056;1.0,0.0,0.0,0.0
10.61594203;0.0,-0.645156,0.238476;1.0,0.0,0.0,0.0
10.65217391;0.0,-0.638357,0.228158;1.0,0.0,0.0,0.0
10.6884058;0.0,-0.631946,0.218049;1.0,0.0,0.0,0.0
10.72463768;0.0,-0.625945,0.208099;1.0,0.0,0.0,0.0
10.76086957;0.0,-0.620372,0.198255;1.0,0.0,0.0,0.0
10.79710145;0.0,-0.615248,0.188465;1.0,0.0,0.0,0.0
10.83333333;0.0,-0.610593,0.178678;1.0,0.0,0.0,0.0
10.86956522;0.0,-0.606425,0.16884;1.0,0.0,0.0,0.0
10.9057971;0.0,-0.602765,0.158901;1.0,0.0,0.0,0.0
10.94202899;0.0,-0.599632,0.148808;1.0,0.0,0.0,0.0
10.97826087;0.0,-0.597047,0.138509;1.0,0.0,0.0,0.0
11.01449275;0.0,-0.595029,0.127953;1.0,0.0,0.0,0.0
11.05072464;0.0,-0.593598,0.117086;1.0,0.0,0.0,0.0
11.08695652;0.0,-0.592773,0.105858;1.0,0.0,0.0,0.0
11.12318841;0.0,-0.592574,0.094215;1.0,0.0,0.0,0.0
11.15942029;0.0,-0.593021,0.082107;1.0,0.0,0.0,0.0
11.19565217;0.0,-0.594126,0.069534;1.0,0.0,0.0,0.0
11.23188406;0.0,-0.595875,0.05669;1.0,0.0,0.0,0.0
11.26811594;0.0,-0.598245,0.043817;1.0,0.0,0.0,0.0
11.30434783;0.0,-0.601214,0.031153;1.0,0.0,0.0,0.0
11.34057971;0.0,-0.604762,0.01894;1.0,0.0,0.0,0.0
11.37681159;0.0,-0.608866,0.007417;1.0,0.0,0.0,0.0
11.41304348;0.0,-0.613505,-0.003176;1.0,0.0,0.0,0.0
11.44927536;0.0,-0.618658,-0.0126;1.0,0.0,0.0,0.0
11.48550725;0.0,-0.624302,-0.020613;1.0,0.0,0.0,0.0
11.52173913;0.0,-0.630416,-0.026976;1.0,0.0,0.0,0.0
11.55797101;0.0,-0.636979,-0.031449;1.0,0.0,0.0,0.0
11.5942029;0.0,-0.643967,-0.033846;1.0,0.0,0.0,0.0
11.63043478;0.0,-0.651345,-0.03425;1.0,0.0,0.0,0.0
11.66666667;0.0,-0.659074,-0.032826;1.0,0.0,0.0,0.0
11.70289855;0.0,-0.667117,-0.02974;1.0,0.0,0.0,0.0
11.73913043;0.0,-0.675435,-0.02516;1.0,0.0,0.0,0.0
11.77536232;0.0,-0.68399,-0.01925;1.0,0.0,0.0,0.0
11.8115942;0.0,-0.692744,-0.012178;1.0,0.0,0.0,0.0
11.84782609;0.0,-0.701659,-0.004108;1.0,0.0,0.0,0.0
11.88405797;0.0,-0.710697,0.004793;1.0,0.0,0.0,0.0
11.92028986;0.0,-0.719818,0.014358;1.0,0.0,0.0,0.0
11.95652174;0.0,-0.728986,0.024422;1.0,0.0,0.0,0.0
11.99275362;0.0,-0.738162,0.034818;1.0,0.0,0.0,0.0
12.02898551;0.0,-0.747307,0.045381;1.0,0.0,0.0,0.0
12.06521739;0.0,-0.756384,0.055944;1.0,0.0,0.0,0.0
12.10144928;0.0,-0.765355,0.066341;1.0,0.0,0.0,0.0
12.13768116;0.0,-0.77418,0.076406;1.0,0.0,0.0,0.0
12.17391304;0.0,-0.782822,0.085974;1.0,0.0,0.0,0.0
12.21014493;0.0,-0.791255,0.094941;1.0,0.0,0.0,0.0
12.24637681;0.0,-0.799484,0.103376;1.0,0.0,0.0,0.0
12.2826087;0.0,-0.807519,0.111373;1.0,0.0,0.0,0.0
12.31884058;0.0,-0.815371,0.119027;1.0,0.0,0.0,0.0
12.35507246;0.0,-0.823049,0.126431;1.0,0.0,0.0,0.0
12.39130435;0.0,-0.830564,0.133682;1.0,0.0,0.0,0.0
12.42753623;0.0,-0.837926,0.140874;1.0,0.0,0.0,0.0
12.46376812;0.0,-0.845146,0.148101;1.0,0.0,0.0,0.0
12.5;0.0,-0.852234,0.155458;1.0,0.0,0.0,0.0
12.53623188;0.0,-0.8592,0.16304;1.0,0.0,0.0,0.0
12.57246377;0.0,-0.866055,0.170941;1.0,0.0,0.0,0.0
12.60869565;0.0,-0.872808,0.179256;1.0,0.0,0.0,0.0
12.64492754;0.0,-0.879471,0.188081;1.0,0.0,0.0,0.0
12.68115942;0.0,-0.886053,0.197508;1.0,0.0,0.0,0.0
12.7173913;0.0,-0.892565,0.207635;1.0,0.0,0.0,0.0
12.75362319;0.0,-0.899016,0.218554;1.0,0.0,0.0,0.0
12.78985507;0.0,-0.905407,0.230317;1.0,0.0,0.0,0.0
12.82608696;0.0,-0.911685,0.242788;1.0,0.0,0.0,0.0
12.86231884;0.0,-0.917786,0.255776;1.0,0.0,0.0,0.0
12.89855072;0.0,-0.923645,0.269092;1.0,0.0,0.0,0.0
12.93478261;0.0,-0.929197,0.282548;1.0,0.0,0.0,0.0
12.97101449;0.0,-0.934376,0.295952;1.0,0.0,0.0,0.0
13.00724638;0.0,-0.939119,0.309117;1.0,0.0,0.0,0.0
13.04347826;0.0,-0.943359,0.321852;1.0,0.0,0.0,0.0
13.07971014;0.0,-0.947033,0.333968;1.0,0.0,0.0,0.0
13.11594203;0.0,-0.950075,0.345276;1.0,0.0,0.0,0.0
13.15217391;0.0,-0.95242,0.355586;1.0,0.0,0.0,0.0
13.1884058;0.0,-0.954003,0.364709;1.0,0.0,0.0,0.0
13.22463768;0.0,-0.954759,0.372455;1.0,0.0,0.0,0.0
13.26086957;0.0,-0.954624,0.378636;1.0,0.0,0.0,0.0
13.29710145;0.0,-0.953533,0.383061;1.0,0.0,0.0,0.0
13.33333333;0.0,-0.95142,0.385542;1.0,0.0,0.0,0.0
13.36956522;0.0,-0.948261,0.385978;1.0,0.0,0.0,0.0
13.4057971;0.0,-0.944135,0.384491;1.0,0.0,0.0,0.0
13.44202899;0.0,-0.939135,0.38124;1.0,0.0,0.0,0.0
13.47826087;0.0,-0.933356,0.376381;1.0,0.0,0.0,0.0
13.51449275;0.0,-0.926892,0.370073;1.0,0.0,0.0,0.0
13.55072464;0.0,-0.919837,0.362473;1.0,0.0,0.0,0.0
13.58695652;0.0,-0.912285,0.353739;1.0,0.0,0.0,0.0
13.62318841;0.0,-0.904331,0.344028;1.0,0.0,0.0,0.0
13.65942029;0.0,-0.9002,0.338763;1.0,0.0,0.0,0.0
13.69565217;0.0,-0.896068,0.333498;1.0,0.0,0.0,0.0
13.73188406;0.0,-0.891829,0.327902;1.0,0.0,0.0,0.0
13.76811594;0.0,-0.88759,0.322306;1.0,0.0,0.0,0.0
13.80434783;0.0,-0.88544,0.319382;1.0,0.0,0.0,0.0
13.84057971;0.0,-0.88329,0.316458;1.0,0.0,0.0,0.0
13.87681159;0.0,-0.882216,0.314995;1.0,0.0,0.0,0.0
13.91304348;0.0,-0.881141,0.313533;1.0,0.0,0.0,0.0
13.94927536;0.0,-0.880603,0.312802;1.0,0.0,0.0,0.0
13.98550725;0.0,-0.880335,0.312437;1.0,0.0,0.0,0.0
14.02173913;0.0,-0.880066,0.312071;1.0,0.0,0.0,0.0
14.05797101;0.0,-0.879528,0.31134;1.0,0.0,0.0,0.0
14.0942029;0.0,-0.878991,0.310609;1.0,0.0,0.0,0.0
14.13043478;0.0,-0.877913,0.309104;1.0,0.0,0.0,0.0
14.16666667;0.0,-0.876835,0.307599;1.0,0.0,0.0,0.0
14.20289855;0.0,-0.875757,0.306093;1.0,0.0,0.0,0.0
14.23913043;0.0,-0.874679,0.304588;1.0,0.0,0.0,0.0
14.27536232;0.0,-0.872523,0.301578;1.0,0.0,0.0,0.0
14.3115942;0.0,-0.870367,0.298567;1.0,0.0,0.0,0.0
14.34782609;0.0,-0.868228,0.295509;1.0,0.0,0.0,0.0
14.38405797;0.0,-0.866089,0.292451;1.0,0.0,0.0,0.0
14.42028986;0.0,-0.863949,0.289394;1.0,0.0,0.0,0.0
14.45652174;0.0,-0.86181,0.286336;1.0,0.0,0.0,0.0
14.49275362;0.0,-0.857612,0.280204;1.0,0.0,0.0,0.0
14.52898551;0.0,-0.853415,0.274073;1.0,0.0,0.0,0.0
14.56521739;0.0,-0.849346,0.268005;1.0,0.0,0.0,0.0
14.60144928;0.0,-0.845276,0.261937;1.0,0.0,0.0,0.0
14.63768116;0.0,-0.841382,0.25601;1.0,0.0,0.0,0.0
14.67391304;0.0,-0.837487,0.250084;1.0,0.0,0.0,0.0
14.71014493;0.0,-0.833813,0.244375;1.0,0.0,0.0,0.0
14.74637681;0.0,-0.83014,0.238667;1.0,0.0,0.0,0.0
14.7826087;0.0,-0.826712,0.233194;1.0,0.0,0.0,0.0
14.81884058;0.0,-0.823283,0.227721;1.0,0.0,0.0,0.0
14.85507246;0.0,-0.816923,0.217173;1.0,0.0,0.0,0.0
14.89130435;0.0,-0.811064,0.206945;1.0,0.0,0.0,0.0
14.92753623;0.0,-0.805713,0.196961;1.0,0.0,0.0,0.0
14.96376812;0.0,-0.800874,0.187144;1.0,0.0,0.0,0.0
15.0;0.0,-0.796553,0.177416;1.0,0.0,0.0,0.0
15.03623188;0.0,-0.792755,0.1677;1.0,0.0,0.0,0.0
15.07246377;0.0,-0.789485,0.157921;1.0,0.0,0.0,0.0
15.10869565;0.0,-0.786749,0.147999;1.0,0.0,0.0,0.0
15.14492754;0.0,-0.784552,0.137859;1.0,0.0,0.0,0.0
15.18115942;0.0,-0.782899,0.127423;1.0,0.0,0.0,0.0
15.2173913;0.0,-0.781796,0.116614;1.0,0.0,0.0,0.0
15.25362319;0.0,-0.781248,0.105356;1.0,0.0,0.0,0.0
15.28985507;0.0,-0.781259,0.093571;1.0,0.0,0.0,0.0
15.32608696;0.0,-0.781836,0.081183;1.0,0.0,0.0,0.0
15.36231884;0.0,-0.782987,0.068239;1.0,0.0,0.0,0.0
15.39855072;0.0,-0.784727,0.055009;1.0,0.0,0.0,0.0
15.43478261;0.0,-0.78707,0.041784;1.0,0.0,0.0,0.0
15.47101449;0.0,-0.790032,0.028856;1.0,0.0,0.0,0.0
15.50724638;0.0,-0.793628,0.016519;1.0,0.0,0.0,0.0
15.54347826;0.0,-0.797873,0.005063;1.0,0.0,0.0,0.0
15.57971014;0.0,-0.802783,-0.005218;1.0,0.0,0.0,0.0
15.61594203;0.0,-0.808372,-0.014032;1.0,0.0,0.0,0.0
15.65217391;0.0,-0.814655,-0.021088;1.0,0.0,0.0,0.0
15.6884058;0.0,-0.821649,-0.026092;1.0,0.0,0.0,0.0
15.72463768;0.0,-0.829366,-0.028754;1.0,0.0,0.0,0.0
15.76086957;0.0,-0.837773,-0.028938;1.0,0.0,0.0,0.0
15.79710145;0.0,-0.846721,-0.026839;1.0,0.0,0.0,0.0
15.83333333;0.0,-0.856051,-0.022697;1.0,0.0,0.0,0.0
15.86956522;0.0,-0.865603,-0.016751;1.0,0.0,0.0,0.0
15.9057971;0.0,-0.875215,-0.009239;1.0,0.0,0.0,0.0
15.94202899;0.0,-0.884728,-0.000402;1.0,0.0,0.0,0.0
15.97826087;0.0,-0.893982,0.009521;1.0,0.0,0.0,0.0
16.01449275;0.0,-0.902816,0.020292;1.0,0.0,0.0,0.0
16.05072464;0.0,-0.911075,0.031673;1.0,0.0,0.0,0.0
16.08695652;0.0,-0.918728,0.043475;1.0,0.0,0.0,0.0
16.12318841;0.0,-0.925865,0.055554;1.0,0.0,0.0,0.0
16.15942029;0.0,-0.932583,0.067769;1.0,0.0,0.0,0.0
16.19565217;0.0,-0.938978,0.079979;1.0,0.0,0.0,0.0
16.23188406;0.0,-0.945145,0.092043;1.0,0.0,0.0,0.0
16.26811594;0.0,-0.95118,0.103818;1.0,0.0,0.0,0.0
16.30434783;0.0,-0.957179,0.115166;1.0,0.0,0.0,0.0
16.34057971;0.0,-0.963238,0.125943;1.0,0.0,0.0,0.0
16.37681159;0.0,-0.969452,0.136009;1.0,0.0,0.0,0.0
16.41304348;0.0,-0.975919,0.145222;1.0,0.0,0.0,0.0
16.44927536;0.0,-0.982733,0.153442;1.0,0.0,0.0,0.0
16.48550725;0.0,-0.989991,0.160526;1.0,0.0,0.0,0.0
16.52173913;0.0,-0.997788,0.166335;1.0,0.0,0.0,0.0
16.55797101;0.0,-1.00622,0.170726;1.0,0.0,0.0,0.0
16.5942029;0.0,-1.01538,0.173558;1.0,0.0,0.0,0.0
16.63043478;0.0,-1.02537,0.174691;1.0,0.0,0.0,0.0
16.66666667;0.0,-1.03083,0.174337;1.0,0.0,0.0,0.0
16.70289855;0.0,-1.03629,0.173983;1.0,0.0,0.0,0.0
16.73913043;0.0,-1.04225,0.172639;1.0,0.0,0.0,0.0
16.77536232;0.0,-1.04822,0.171295;1.0,0.0,0.0,0.0
16.8115942;0.0,-1.05463,0.169013;1.0,0.0,0.0,0.0
16.84782609;0.0,-1.06104,0.16673;1.0,0.0,0.0,0.0
16.88405797;0.0,-1.06765,0.163763;1.0,0.0,0.0,0.0
16.92028986;0.0,-1.07425,0.160796;1.0,0.0,0.0,0.0
16.95652174;0.0,-1.0808,0.157419;1.0,0.0,0.0,0.0
16.99275362;0.0,-1.08734,0.154042;1.0,0.0,0.0,0.0
17.02898551;0.0,-1.09354,0.15053;1.0,0.0,0.0,0.0
17.06521739;0.0,-1.09975,0.147018;1.0,0.0,0.0,0.0
17.10144928;0.0,-1.10536,0.143645;1.0,0.0,0.0,0.0
17.13768116;0.0,-1.11097,0.140272;1.0,0.0,0.0,0.0
17.17391304;0.0,-1.11572,0.137313;1.0,0.0,0.0,0.0
17.21014493;0.0,-1.12046,0.134354;1.0,0.0,0.0,0.0
17.24637681;0.0,-1.12408,0.132084;1.0,0.0,0.0,0.0
17.2826087;0.0,-1.12769,0.129813;1.0,0.0,0.0,0.0
17.31884058;0.0,-1.12991,0.128506;1.0,0.0,0.0,0.0
17.35507246;0.0,-1.13213,0.127198;1.0,0.0,0.0,0.0
17.39130435;0.0,-1.13325,0.127054;1.0,0.0,0.0,0.0
17.42753623;0.0,-1.13085,0.12955;1.0,0.0,0.0,0.0
17.46376812;0.0,-1.1281,0.131845;1.0,0.0,0.0,0.0
17.5;0.0,-1.12536,0.134139;1.0,0.0,0.0,0.0
17.53623188;0.0,-1.12131,0.137169;1.0,0.0,0.0,0.0
17.57246377;0.0,-1.11726,0.140198;1.0,0.0,0.0,0.0
17.60869565;0.0,-1.11216,0.143651;1.0,0.0,0.0,0.0
17.64492754;0.0,-1.10705,0.147103;1.0,0.0,0.0,0.0
17.68115942;0.0,-1.10114,0.150666;1.0,0.0,0.0,0.0
17.7173913;0.0,-1.09523,0.15423;1.0,0.0,0.0,0.0
17.75362319;0.0,-1.08876,0.157592;1.0,0.0,0.0,0.0
17.78985507;0.0,-1.08228,0.160955;1.0,0.0,0.0,0.0
17.82608696;0.0,-1.07549,0.163804;1.0,0.0,0.0,0.0
17.86231884;0.0,-1.0687,0.166654;1.0,0.0,0.0,0.0
17.89855072;0.0,-1.06184,0.168678;1.0,0.0,0.0,0.0
17.93478261;0.0,-1.05498,0.170703;1.0,0.0,0.0,0.0
17.97101449;0.0,-1.0483,0.171591;1.0,0.0,0.0,0.0
18.00724638;0.0,-1.04161,0.172479;1.0,0.0,0.0,0.0
18.04347826;0.0,-1.03529,0.172052;1.0,0.0,0.0,0.0
18.07971014;0.0,-1.02896,0.171624;1.0,0.0,0.0,0.0
18.11594203;0.0,-1.02304,0.169976;1.0,0.0,0.0,0.0
18.15217391;0.0,-1.01712,0.168329;1.0,0.0,0.0,0.0
18.1884058;0.0,-1.00616,0.162855;1.0,0.0,0.0,0.0
18.22463768;0.0,-0.99613,0.155462;1.0,0.0,0.0,0.0
18.26086957;0.0,-0.987105,0.146412;1.0,0.0,0.0,0.0
18.29710145;0.0,-0.979146,0.135964;1.0,0.0,0.0,0.0
18.33333333;0.0,-0.972315,0.12438;1.0,0.0,0.0,0.0
18.36956522;0.0,-0.966675,0.11192;1.0,0.0,0.0,0.0
18.4057971;0.0,-0.96229,0.098844;1.0,0.0,0.0,0.0
18.44202899;0.0,-0.959224,0.085413;1.0,0.0,0.0,0.0
18.47826087;0.0,-0.957539,0.071888;1.0,0.0,0.0,0.0
18.51449275;0.0,-0.957298,0.05853;1.0,0.0,0.0,0.0
18.55072464;0.0,-0.958565,0.045599;1.0,0.0,0.0,0.0
18.58695652;0.0,-0.961403,0.033355;1.0,0.0,0.0,0.0
18.62318841;0.0,-0.965876,0.02206;1.0,0.0,0.0,0.0
18.65942029;0.0,-0.972033,0.011965;1.0,0.0,0.0,0.0
18.69565217;0.0,-0.979739,0.003208;1.0,0.0,0.0,0.0
18.73188406;0.0,-0.988728,-0.004155;1.0,0.0,0.0,0.0
18.76811594;0.0,-0.993728,-0.007114;1.0,0.0,0.0,0.0
18.80434783;0.0,-0.998728,-0.010072;1.0,0.0,0.0,0.0
18.84057971;0.0,-1.0041,-0.012281;1.0,0.0,0.0,0.0
18.87681159;0.0,-1.00947,-0.01449;1.0,0.0,0.0,0.0
18.91304348;0.0,-1.01507,-0.015922;1.0,0.0,0.0,0.0
18.94927536;0.0,-1.02068,-0.017355;1.0,0.0,0.0,0.0
18.98550725;0.0,-1.02638,-0.017986;1.0,0.0,0.0,0.0
19.02173913;0.0,-1.03209,-0.018616;1.0,0.0,0.0,0.0
19.05797101;0.0,-1.03776,-0.018417;1.0,0.0,0.0,0.0
19.0942029;0.0,-1.04343,-0.018218;1.0,0.0,0.0,0.0
19.13043478;0.0,-1.04896,-0.017198;1.0,0.0,0.0,0.0
19.16666667;0.0,-1.05449,-0.016177;1.0,0.0,0.0,0.0
19.20289855;0.0,-1.05983,-0.014398;1.0,0.0,0.0,0.0
19.23913043;0.0,-1.06516,-0.01262;1.0,0.0,0.0,0.0
19.27536232;0.0,-1.07026,-0.010153;1.0,0.0,0.0,0.0
19.3115942;0.0,-1.07536,-0.007685;1.0,0.0,0.0,0.0
19.34782609;0.0,-1.08018,-0.004598;1.0,0.0,0.0,0.0
19.38405797;0.0,-1.08499,-0.001511;1.0,0.0,0.0,0.0
19.42028986;0.0,-1.08947,0.002127;1.0,0.0,0.0,0.0
19.45652174;0.0,-1.09394,0.005765;1.0,0.0,0.0,0.0
19.49275362;0.0,-1.09804,0.009883;1.0,0.0,0.0,0.0
19.52898551;0.0,-1.10214,0.014002;1.0,0.0,0.0,0.0
19.56521739;0.0,-1.10581,0.018533;1.0,0.0,0.0,0.0
19.60144928;0.0,-1.10948,0.023064;1.0,0.0,0.0,0.0
19.63768116;0.0,-1.11268,0.027937;1.0,0.0,0.0,0.0
19.67391304;0.0,-1.11587,0.03281;1.0,0.0,0.0,0.0
19.71014493;0.0,-1.12125,0.043106;1.0,0.0,0.0,0.0
19.74637681;0.0,-1.12564,0.053825;1.0,0.0,0.0,0.0
19.7826087;0.0,-1.12909,0.064841;1.0,0.0,0.0,0.0
19.81884058;0.0,-1.13165,0.076029;1.0,0.0,0.0,0.0
19.85507246;0.0,-1.13337,0.087265;1.0,0.0,0.0,0.0
19.89130435;0.0,-1.1343,0.098424;1.0,0.0,0.0,0.0
19.92753623;0.0,-1.1345,0.109381;1.0,0.0,0.0,0.0
19.96376812;0.0,-1.134,0.12001;1.0,0.0,0.0,0.0
20.0;0.0,-1.13285,0.130188;1.0,0.0,0.0,0.0
