0.0;0.0,0.0,0.0;1.0,0.0,0.0,0.0
0.09615385;0.0,0.0,0.0;0.999886,0.0,0.015103,0.0
0.19230769;0.0,0.0,0.0;0.999544,0.0,0.030203,0.0
0.28846154;0.0,0.0,0.0;0.998974,0.0,0.045296,0.0
0.38461538;0.0,0.0,0.0;0.998176,0.0,0.060378,0.0
0.48076923;0.0,0.0,0.0;0.99715,0.0,0.075447,0.0
0.57692308;0.0,0.0,0.0;0.995897,0.0,0.090499,0.0
0.67307692;0.0,0.0,0.0;0.994416,0.0,0.10553,0.0
0.76923077;0.0,0.0,0.0;0.992709,0.0,0.120537,0.0
0.86538462;0.0,0.0,0.0;0.990775,0.0,0.135516,0.0
0.96153846;0.0,0.0,0.0;0.988615,0.0,0.150465,0.0
1.05769231;0.0,0.0,0.0;0.98623,0.0,0.165379,0.0
1.15384615;0.0,0.0,0.0;0.98362,0.0,0.180255,0.0
1.25;0.0,0.0,0.0;0.980785,0.0,0.19509,0.0
1.34615385;0.0,0.0,0.0;0.977727,0.0,0.209881,0.0
1.44230769;0.0,0.0,0.0;0.974446,0.0,0.224624,0.0
1.53846154;0.0,0.0,0.0;0.970942,0.0,0.239316,0.0
1.63461538;0.0,0.0,0.0;0.967217,0.0,0.253953,0.0
1.73076923;0.0,0.0,0.0;0.963271,0.0,0.268532,0.0
1.82692308;0.0,0.0,0.0;0.959105,0.0,0.28305,0.0
1.92307692;0.0,0.0,0.0;0.954721,0.0,0.297503,0.0
2.01923077;0.0,0.0,0.0;0.950119,0.0,0.311888,0.0
2.11538462;0.0,0.0,0.0;0.9453,0.0,0.326203,0.0
2.21153846;0.0,0.0,0.0;0.940265,0.0,0.340443,0.0
2.30769231;0.0,0.0,0.0;0.935016,0.0,0.354605,0.0
2.40384615;0.0,0.0,0.0;0.929554,0.0,0.368686,0.0
2.5;0.0,0.0,0.0;0.92388,0.0,0.382683,0.0
2.59615385;0.0,0.0,0.0;0.929554,0.0,0.368686,0.0
2.69230769;0.0,0.0,0.0;0.935016,0.0,0.354605,0.0
2.78846154;0.0,0.0,0.0;0.940265,0.0,0.340443,0.0
2.88461538;0.0,0.0,0.0;0.9453,0.0,0.326203,0.0
2.98076923;0.0,0.0,0.0;0.950119,0.0,0.311888,0.0
3.07692308;0.0,0.0,0.0;0.954721,0.0,0.297503,0.0
3.17307692;0.0,0.0,0.0;0.959105,0.0,0.28305,0.0
3.26923077;0.0,0.0,0.0;0.963271,0.0,0.268532,0.0
3.36538462;0.0,0.0,0.0;0.967217,0.0,0.253953,0.0
3.46153846;0.0,0.0,0.0;0.970942,0.0,0.239316,0.0
3.55769231;0.0,0.0,0.0;0.974446,0.0,0.224624,0.0
3.65384615;0.0,0.0,0.0;0.977727,0.0,0.209881,0.0
3.75;0.0,0.0,0.0;0.980785,0.0,0.19509,0.0
3.84615385;0.0,0.0,0.0;0.98362,0.0,0.180255,0.0
3.94230769;0.0,0.0,0.0;0.98623,0.0,0.165379,0.0
4.03846154;0.0,0.0,0.0;0.988615,0.0,0.150465,0.0
4.13461538;0.0,0.0,0.0;0.990775,0.0,0.135516,0.0
4.23076923;0.0,0.0,0.0;0.992709,0.0,0.120537,0.0
4.32692308;0.0,0.0,0.0;0.994416,0.0,0.10553,0.0
4.42307692;0.0,0.0,0.0;0.995897,0.0,0.090499,0.0
4.51923077;0.0,0.0,0.0;0.99715,0.0,0.075447,0.0
4.61538462;0.0,0.0,0.0;0.998176,0.0,0.060378,0.0
4.71153846;0.0,0.0,0.0;0.998974,0.0,0.045296,0.0
4.80769231;0.0,0.0,0.0;0.999544,0.0,0.030203,0.0
4.90384615;0.0,0.0,0.0;0.999886,0.0,0.015103,0.0
5.0;0.0,0.0,0.0;1.0,0.0,0.0,0.0
5.09615385;0.0,0.0,0.0;0.999886,0.0,-0.015103,0.0
5.19230769;0.0,0.0,0.0;0.999544,0.0,-0.030203,0.0
5.28846154;0.0,0.0,0.0;0.998974,0.0,-0.045296,0.0
5.38461538;0.0,0.0,0.0;0.998176,0.0,-0.060378,0.0
5.48076923;0.0,0.0,0.0;0.99715,0.0,-0.075447,0.0
5.57692308;0.0,0.0,0.0;0.995897,0.0,-0.090499,0.0
5.67307692;0.0,0.0,0.0;0.994416,0.0,-0.10553,0.0
5.76923077;0.0,0.0,0.0;0.992709,0.0,-0.120537,0.0
5.86538462;0.0,0.0,0.0;0.990775,0.0,-0.135516,0.0
5.96153846;0.0,0.0,0.0;0.988615,0.0,-0.150465,0.0
6.05769231;0.0,0.0,0.0;0.98623,0.0,-0.165379,0.0
6.15384615;0.0,0.0,0.0;0.98362,0.0,-0.180255,0.0
6.25;0.0,0.0,0.0;0.980785,0.0,-0.19509,0.0
6.34615385;0.0,0.0,0.0;0.977727,0.0,-0.209881,0.0
6.44230769;0.0,0.0,0.0;0.974446,0.0,-0.224624,0.0
6.53846154;0.0,0.0,0.0;0.970942,0.0,-0.239316,0.0
6.63461538;0.0,0.0,0.0;0.967217,0.0,-0.253953,0.0
6.73076923;0.0,0.0,0.0;0.963271,0.0,-0.268532,0.0
6.82692308;0.0,0.0,0.0;0.959105,0.0,-0.28305,0.0
6.92307692;0.0,0.0,0.0;0.954721,0.0,-0.297503,0.0
7.01923077;0.0,0.0,0.0;0.950119,0.0,-0.311888,0.0
7.11538462;0.0,0.0,0.0;0.9453,0.0,-0.326203,0.0
7.21153846;0.0,0.0,0.0;0.940265,0.0,-0.340443,0.0
7.30769231;0.0,0.0,0.0;0.935016,0.0,-0.354605,0.0
7.40384615;0.0,0.0,0.0;0.929554,0.0,-0.368686,0.0
7.5;0.0,0.0,0.0;0.92388,0.0,-0.382683,0.0
7.59615385;0.0,0.0,0.0;0.929554,0.0,-0.368686,0.0
7.69230769;0.0,0.0,0.0;0.935016,0.0,-0.354605,0.0
7.78846154;0.0,0.0,0.0;0.940265,0.0,-0.340443,0.0
7.88461538;0.0,0.0,0.0;0.9453,0.0,-0.326203,0.0
7.98076923;0.0,0.0,0.0;0.950119,0.0,-0.311888,0.0
8.07692308;0.0,0.0,0.0;0.954721,0.0,-0.297503,0.0
8.17307692;0.0,0.0,0.0;0.959105,0.0,-0.28305,0.0
8.26923077;0.0,0.0,0.0;0.963271,0.0,-0.268532,0.0
8.36538462;0.0,0.0,0.0;0.967217,0.0,-0.253953,0.0
8.46153846;0.0,0.0,0.0;0.970942,0.0,-0.239316,0.0
8.55769231;0.0,0.0,0.0;0.974446,0.0,-0.224624,0.0
8.65384615;0.0,0.0,0.0;0.977727,0.0,-0.209881,0.0
8.75;0.0,0.0,0.0;0.980785,0.0,-0.19509,0.0
8.84615385;0.0,0.0,0.0;0.98362,0.0,-0.180255,0.0
8.94230769;0.0,0.0,0.0;0.98623,0.0,-0.165379,0.0
9.03846154;0.0,0.0,0.0;0.988615,0.0,-0.150465,0.0
9.13461538;0.0,0.0,0.0;0.990775,0.0,-0.135516,0.0
9.23076923;0.0,0.0,0.0;0.992709,0.0,-0.120537,0.0
9.32692308;0.0,0.0,0.0;0.994416,0.0,-0.10553,0.0
9.42307692;0.0,0.0,0.0;0.995897,0.0,-0.090499,0.0
9.51923077;0.0,0.0,0.0;0.99715,0.0,-0.075447,0.0
9.61538462;0.0,0.0,0.0;0.998176,0.0,-0.060378,0.0
9.71153846;0.0,0.0,0.0;0.998974,0.0,-0.045296,0.0
9.80769231;0.0,0.0,0.0;0.999544,0.0,-0.030203,0.0
9.90384615;0.0,0.0,0.0;0.999886,0.0,-0.015103,0.0
10.0;0.0,0.0,0.0;1.0,0.0,0.0,0.0
10.09615385;0.0,0.0,0.0;0.999886,0.0,0.0,0.015103
10.19230769;0.0,0.0,0.0;0.999544,0.0,0.0,0.030203
10.28846154;0.0,0.0,0.0;0.998974,0.0,0.0,0.045296
10.38461538;0.0,0.0,0.0;0.998176,0.0,0.0,0.060378
10.48076923;0.0,0.0,0.0;0.99715,0.0,0.0,0.075447
10.57692308;0.0,0.0,0.0;0.995897,0.0,0.0,0.090499
10.67307692;0.0,0.0,0.0;0.994416,0.0,0.0,0.10553
10.76923077;0.0,0.0,0.0;0.992709,0.0,0.0,0.120537
10.86538462;0.0,0.0,0.0;0.990775,0.0,0.0,0.135516
10.96153846;0.0,0.0,0.0;0.988615,0.0,0.0,0.150465
11.05769231;0.0,0.0,0.0;0.98623,0.0,0.0,0.165379
11.15384615;0.0,0.0,0.0;0.98362,0.0,0.0,0.180255
11.25;0.0,0.0,0.0;0.980785,0.0,0.0,0.19509
11.34615385;0.0,0.0,0.0;0.977727,0.0,0.0,0.209881
11.44230769;0.0,0.0,0.0;0.974446,0.0,0.0,0.224624
11.53846154;0.0,0.0,0.0;0.970942,0.0,0.0,0.239316
11.63461538;0.0,0.0,0.0;0.967217,0.0,0.0,0.253953
11.73076923;0.0,0.0,0.0;0.963271,0.0,0.0,0.268532
11.82692308;0.0,0.0,0.0;0.959105,0.0,0.0,0.28305
11.92307692;0.0,0.0,0.0;0.954721,0.0,0.0,0.297503
12.01923077;0.0,0.0,0.0;0.950119,0.0,0.0,0.311888
12.11538462;0.0,0.0,0.0;0.9453,0.0,0.0,0.326203
12.21153846;0.0,0.0,0.0;0.940265,0.0,0.0,0.340443
12.30769231;0.0,0.0,0.0;0.935016,0.0,0.0,0.354605
12.40384615;0.0,0.0,0.0;0.929554,0.0,0.0,0.368686
12.5;0.0,0.0,0.0;0.92388,0.0,0.0,0.382683
12.59615385;0.0,0.0,0.0;0.929554,0.0,0.0,0.368686
12.69230769;0.0,0.0,0.0;0.935016,0.0,0.0,0.354605
12.78846154;0.0,0.0,0.0;0.940265,0.0,0.0,0.340443
12.88461538;0.0,0.0,0.0;0.9453,0.0,0.0,0.326203
12.98076923;0.0,0.0,0.0;0.950119,0.0,0.0,0.311888
13.07692308;0.0,0.0,0.0;0.954721,0.0,0.0,0.297503
13.17307692;0.0,0.0,0.0;0.959105,0.0,0.0,0.28305
13.26923077;0.0,0.0,0.0;0.963271,0.0,0.0,0.268532
13.36538462;0.0,0.0,0.0;0.967217,0.0,0.0,0.253953
13.46153846;0.0,0.0,0.0;0.970942,0.0,0.0,0.239316
13.55769231;0.0,0.0,0.0;0.974446,0.0,0.0,0.224624
13.65384615;0.0,0.0,0.0;0.977727,0.0,0.0,0.209881
13.75;0.0,0.0,0.0;0.980785,0.0,0.0,0.19509
13.84615385;0.0,0.0,0.0;0.98362,0.0,0.0,0.180255
13.94230769;0.0,0.0,0.0;0.98623,0.0,0.0,0.165379
14.03846154;0.0,0.0,0.0;0.988615,0.0,0.0,0.150465
14.13461538;0.0,0.0,0.0;0.990775,0.0,0.0,0.135516
14.23076923;0.0,0.0,0.0;0.992709,0.0,0.0,0.120537
14.32692308;0.0,0.0,0.0;0.994416,0.0,0.0,0.10553
14.42307692;0.0,0.0,0.0;0.995897,0.0,0.0,0.090499
14.51923077;0.0,0.0,0.0;0.99715,0.0,0.0,0.075447
14.61538462;0.0,0.0,0.0;0.998176,0.0,0.0,0.060378
14.71153846;0.0,0.0,0.0;0.998974,0.0,0.0,0.045296
14.80769231;0.0,0.0,0.0;0.999544,0.0,0.0,0.030203
14.90384615;0.0,0.0,0.0;0.999886,0.0,0.0,0.015103
15.0;0.0,0.0,0.0;1.0,0.0,0.0,0.0
15.09615385;0.0,0.0,0.0;0.999886,0.0,0.0,-0.015103
15.19230769;0.0,0.0,0.0;0.999544,0.0,0.0,-0.030203
15.28846154;0.0,0.0,0.0;0.998974,0.0,0.0,-0.045296
15.38461538;0.0,0.0,0.0;0.998176,0.0,0.0,-0.060378
15.48076923;0.0,0.0,0.0;0.99715,0.0,0.0,-0.075447
15.57692308;0.0,0.0,0.0;0.995897,0.0,0.0,-0.090499
15.67307692;0.0,0.0,0.0;0.994416,0.0,0.0,-0.10553
15.76923077;0.0,0.0,0.0;0.992709,0.0,0.0,-0.120537
15.86538462;0.0,0.0,0.0;0.990775,0.0,0.0,-0.135516
15.96153846;0.0,0.0,0.0;0.988615,0.0,0.0,-0.150465
16.05769231;0.0,0.0,0.0;0.98623,0.0,0.0,-0.165379
16.15384615;0.0,0.0,0.0;0.98362,0.0,0.0,-0.180255
16.25;0.0,0.0,0.0;0.980785,0.0,0.0,-0.19509
16.34615385;0.0,0.0,0.0;0.977727,0.0,0.0,-0.209881
16.44230769;0.0,0.0,0.0;0.974446,0.0,0.0,-0.224624
16.53846154;0.0,0.0,0.0;0.970942,0.0,0.0,-0.239316
16.63461538;0.0,0.0,0.0;0.967217,0.0,0.0,-0.253953
16.73076923;0.0,0.0,0.0;0.963271,0.0,0.0,-0.268532
16.82692308;0.0,0.0,0.0;0.959105,0.0,0.0,-0.28305
16.92307692;0.0,0.0,0.0;0.954721,0.0,0.0,-0.297503
17.01923077;0.0,0.0,0.0;0.950119,0.0,0.0,-0.311888
17.11538462;0.0,0.0,0.0;0.9453,0.0,0.0,-0.326203
17.21153846;0.0,0.0,0.0;0.940265,0.0,0.0,-0.340443
17.30769231;0.0,0.0,0.0;0.935016,0.0,0.0,-0.354605
17.40384615;0.0,0.0,0.0;0.929554,0.0,0.0,-0.368686
17.5;0.0,0.0,0.0;0.92388,0.0,0.0,-0.382683
17.59615385;0.0,0.0,0.0;0.929554,0.0,0.0,-0.368686
17.69230769;0.0,0.0,0.0;0.935016,0.0,0.0,-0.354605
17.78846154;0.0,0.0,0.0;0.940265,0.0,0.0,-0.340443
17.88461538;0.0,0.0,0.0;0.9453,0.0,0.0,-0.326203
17.98076923;0.0,0.0,0.0;0.950119,0.0,0.0,-0.311888
18.07692308;0.0,0.0,0.0;0.954721,0.0,0.0,-0.297503
18.17307692;0.0,0.0,0.0;0.959105,0.0,0.0,-0.28305
18.26923077;0.0,0.0,0.0;0.963271,0.0,0.0,-0.268532
18.36538462;0.0,0.0,0.0;0.967217,0.0,0.0,-0.253953
18.46153846;0.0,0.0,0.0;0.970942,0.0,0.0,-0.239316
18.55769231;0.0,0.0,0.0;0.974446,0.0,0.0,-0.224624
18.65384615;0.0,0.0,0.0;0.977727,0.0,0.0,-0.209881
18.75;0.0,0.0,0.0;0.980785,0.0,0.0,-0.19509
18.84615385;0.0,0.0,0.0;0.98362,0.0,0.0,-0.180255
18.94230769;0.0,0.0,0.0;0.98623,0.0,0.0,-0.165379
19.03846154;0.0,0.0,0.0;0.988615,0.0,0.0,-0.150465
19.13461538;0.0,0.0,0.0;0.990775,0.0,0.0,-0.135516
19.23076923;0.0,0.0,0.0;0.992709,0.0,0.0,-0.120537
19.32692308;0.0,0.0,0.0;0.994416,0.0,0.0,-0.10553
19.42307692;0.0,0.0,0.0;0.995897,0.0,0.0,-0.090499
19.51923077;0.0,0.0,0.0;0.99715,0.0,0.0,-0.075447
19.61538462;0.0,0.0,0.0;0.998176,0.0,0.0,-0.060378
19.71153846;0.0,0.0,0.0;0.998974,0.0,0.0,-0.045296
19.80769231;0.0,0.0,0.0;0.999544,0.0,0.0,-0.030203
19.90384615;0.0,0.0,0.0;0.999886,0.0,0.0,-0.015103
20.0;0.0,0.0,0.0;1.0,0.0,0.0,0.0
