0.0;0.0,0.0,0.0;1.0,0.0,0.0,0.0
0.06269592;0.0,0.005,0.0;1.0,0.0,0.0,0.0
0.12539185;0.0,0.01,0.0;1.0,0.0,0.0,0.0
0.18808777;0.0,0.015,0.0;1.0,0.0,0.0,0.0
0.2507837;0.0,0.02,0.0;1.0,0.0,0.0,0.0
0.31347962;0.0,0.025,0.0;1.0,0.0,0.0,0.0
0.37617555;0.0,0.03,0.0;1.0,0.0,0.0,0.0
0.43887147;0.0,0.035,0.0;1.0,0.0,0.0,0.0
0.5015674;0.0,0.04,0.0;1.0,0.0,0.0,0.0
0.56426332;0.0,0.045,0.0;1.0,0.0,0.0,0.0
0.62695925;0.0,0.05,0.0;1.0,0.0,0.0,0.0
0.68965517;0.0,0.055,0.0;1.0,0.0,0.0,0.0
0.7523511;0.0,0.06,0.0;1.0,0.0,0.0,0.0
0.81504702;0.0,0.065,0.0;1.0,0.0,0.0,0.0
0.87774295;0.0,0.07,0.0;1.0,0.0,0.0,0.0
0.94043887;0.0,0.075,0.0;1.0,0.0,0.0,0.0
1.0031348;0.0,0.08,0.0;1.0,0.0,0.0,0.0
1.06583072;0.0,0.085,0.0;1.0,0.0,0.0,0.0
1.12852665;0.0,0.09,0.0;1.0,0.0,0.0,0.0
1.19122257;0.0,0.095,0.0;1.0,0.0,0.0,0.0
1.2539185;0.0,0.1,0.0;1.0,0.0,0.0,0.0
1.31661442;0.0,0.105,0.0;1.0,0.0,0.0,0.0
1.37931034;0.0,0.11,0.0;1.0,0.0,0.0,0.0
1.44200627;0.0,0.115,0.0;1.0,0.0,0.0,0.0
1.50470219;0.0,0.12,0.0;1.0,0.0,0.0,0.0
1.56739812;0.0,0.125,0.0;1.0,0.0,0.0,0.0
1.63009404;0.0,0.13,0.0;1.0,0.0,0.0,0.0
1.69278997;0.0,0.135,0.0;1.0,0.0,0.0,0.0
1.75548589;0.0,0.14,0.0;1.0,0.0,0.0,0.0
1.81818182;0.0,0.145,0.0;1.0,0.0,0.0,0.0
1.88087774;0.0,0.15,0.0;1.0,0.0,0.0,0.0
1.94357367;0.0,0.155,0.0;1.0,0.0,0.0,0.0
2.00626959;0.0,0.16,0.0;1.0,0.0,0.0,0.0
2.06896552;0.0,0.165,0.0;1.0,0.0,0.0,0.0
2.13166144;0.0,0.17,0.0;1.0,0.0,0.0,0.0
2.19435737;0.0,0.175,0.0;1.0,0.0,0.0,0.0
2.25705329;0.0,0.18,0.0;1.0,0.0,0.0,0.0
2.31974922;0.0,0.185,0.0;1.0,0.0,0.0,0.0
2.38244514;0.0,0.19,0.0;1.0,0.0,0.0,0.0
2.44514107;0.0,0.195,0.0;1.0,0.0,0.0,0.0
2.50783699;0.0,0.2,0.0;1.0,0.0,0.0,0.0
2.57053292;-0.002083,0.2,-0.001389;1.0,0.0,0.0,0.0
2.63322884;-0.004167,0.2,-0.002778;1.0,0.0,0.0,0.0
2.69592476;-0.00625,0.2,-0.004167;1.0,0.0,0.0,0.0
2.75862069;-0.008333,0.2,-0.005556;1.0,0.0,0.0,0.0
2.82131661;-0.010417,0.2,-0.006945;1.0,0.0,0.0,0.0
2.88401254;-0.0125,0.2,-0.008333;1.0,0.0,0.0,0.0
2.94670846;-0.014583,0.2,-0.009722;1.0,0.0,0.0,0.0
3.00940439;-0.016667,0.2,-0.011111;1.0,0.0,0.0,0.0
3.07210031;-0.01875,0.2,-0.0125;1.0,0.0,0.0,0.0
3.13479624;-0.020833,0.2,-0.013889;1.0,0.0,0.0,0.0
3.19749216;-0.022916,0.2,-0.015278;1.0,0.0,0.0,0.0
3.26018809;-0.025,0.2,-0.016667;1.0,0.0,0.0,0.0
3.32288401;-0.027083,0.2,-0.018055;1.0,0.0,0.0,0.0
3.38557994;-0.029167,0.2,-0.019444;1.0,0.0,0.0,0.0
3.44827586;-0.03125,0.2,-0.020833;1.0,0.0,0.0,0.0
3.51097179;-0.032292,0.2,-0.021528;1.0,0.0,0.0,0.0
3.57366771;-0.033333,0.2,-0.022222;1.0,0.0,0.0,0.0
3.63636364;-0.035416,0.2,-0.023611;1.0,0.0,0.0,0.0
3.69905956;-0.036458,0.2,-0.024306;1.0,0.0,0.0,0.0
3.76175549;-0.0375,0.2,-0.025;1.0,0.0,0.0,0.0
3.82445141;-0.039584,0.2,-0.026389;1.0,0.0,0.0,0.0
3.88714734;-0.041667,0.2,-0.027778;1.0,0.0,0.0,0.0
3.94984326;-0.04375,0.2,-0.029167;1.0,0.0,0.0,0.0
4.01253918;-0.045833,0.2,-0.030556;1.0,0.0,0.0,0.0
4.07523511;-0.047917,0.2,-0.031945;1.0,0.0,0.0,0.0
4.13793103;-0.05,0.2,-0.033333;1.0,0.0,0.0,0.0
4.20062696;-0.054167,0.2,-0.036111;1.0,0.0,0.0,0.0
4.26332288;-0.058333,0.2,-0.038889;1.0,0.0,0.0,0.0
4.32601881;-0.060416,0.2,-0.040278;1.0,0.0,0.0,0.0
4.38871473;-0.0625,0.2,-0.041667;1.0,0.0,0.0,0.0
4.45141066;-0.066667,0.2,-0.044444;1.0,0.0,0.0,0.0
4.51410658;-0.070833,0.2,-0.047222;1.0,0.0,0.0,0.0
4.57680251;-0.075,0.2,-0.05;1.0,0.0,0.0,0.0
4.63949843;-0.079167,0.2,-0.052778;1.0,0.0,0.0,0.0
4.70219436;-0.083333,0.2,-0.055556;1.0,0.0,0.0,0.0
4.76489028;-0.0875,0.2,-0.058333;1.0,0.0,0.0,0.0
4.82758621;-0.091667,0.2,-0.061111;1.0,0.0,0.0,0.0
4.89028213;-0.095833,0.2,-0.063889;1.0,0.0,0.0,0.0
4.95297806;-0.1,0.2,-0.066667;1.0,0.0,0.0,0.0
5.01567398;-0.104167,0.2,-0.069444;1.0,0.0,0.0,0.0
5.07836991;-0.108333,0.2,-0.072222;1.0,0.0,0.0,0.0
5.14106583;-0.1125,0.2,-0.075;1.0,0.0,0.0,0.0
5.20376176;-0.116667,0.2,-0.077778;1.0,0.0,0.0,0.0
5.26645768;-0.120833,0.2,-0.080556;1.0,0.0,0.0,0.0
5.32915361;-0.125,0.2,-0.083333;1.0,0.0,0.0,0.0
5.39184953;-0.129167,0.2,-0.086111;1.0,0.0,0.0,0.0
5.45454545;-0.133333,0.2,-0.088889;1.0,0.0,0.0,0.0
5.51724138;-0.1375,0.2,-0.091667;1.0,0.0,0.0,0.0
5.5799373;-0.141667,0.2,-0.094444;1.0,0.0,0.0,0.0
5.64263323;-0.145833,0.2,-0.097222;1.0,0.0,0.0,0.0
5.70532915;-0.15,0.2,-0.1;1.0,0.0,0.0,0.0
5.76802508;-0.154167,0.2,-0.102778;1.0,0.0,0.0,0.0
5.830721;-0.158333,0.2,-0.105556;1.0,0.0,0.0,0.0
5.89341693;-0.1625,0.2,-0.108333;1.0,0.0,0.0,0.0
5.95611285;-0.166667,0.2,-0.111111;1.0,0.0,0.0,0.0
6.01880878;-0.170833,0.2,-0.113889;1.0,0.0,0.0,0.0
6.0815047;-0.175,0.2,-0.116667;1.0,0.0,0.0,0.0
6.14420063;-0.179167,0.2,-0.119444;1.0,0.0,0.0,0.0
6.20689655;-0.183333,0.2,-0.122222;1.0,0.0,0.0,0.0
6.26959248;-0.1875,0.2,-0.125;1.0,0.0,0.0,0.0
6.3322884;-0.191667,0.2,-0.127778;1.0,0.0,0.0,0.0
6.39498433;-0.195833,0.2,-0.130556;1.0,0.0,0.0,0.0
6.45768025;-0.2,0.2,-0.133333;1.0,0.0,0.0,0.0
6.52037618;-0.204167,0.2,-0.136111;1.0,0.0,0.0,0.0
6.5830721;-0.208333,0.2,-0.138889;1.0,0.0,0.0,0.0
6.64576803;-0.2125,0.2,-0.141667;1.0,0.0,0.0,0.0
6.70846395;-0.216667,0.2,-0.144444;1.0,0.0,0.0,0.0
6.77115987;-0.220833,0.2,-0.147222;1.0,0.0,0.0,0.0
6.8338558;-0.225,0.2,-0.15;1.0,0.0,0.0,0.0
6.89655172;-0.229167,0.2,-0.152778;1.0,0.0,0.0,0.0
6.95924765;-0.233333,0.2,-0.155556;1.0,0.0,0.0,0.0
7.02194357;-0.2375,0.2,-0.158333;1.0,0.0,0.0,0.0
7.0846395;-0.241667,0.2,-0.161111;1.0,0.0,0.0,0.0
7.14733542;-0.245833,0.2,-0.163889;1.0,0.0,0.0,0.0
7.21003135;-0.25,0.2,-0.166667;1.0,0.0,0.0,0.0
7.27272727;-0.254167,0.2,-0.169444;1.0,0.0,0.0,0.0
7.3354232;-0.258333,0.2,-0.172222;1.0,0.0,0.0,0.0
7.39811912;-0.2625,0.2,-0.175;1.0,0.0,0.0,0.0
7.46081505;-0.266667,0.2,-0.177778;1.0,0.0,0.0,0.0
7.52351097;-0.270833,0.2,-0.180556;1.0,0.0,0.0,0.0
7.5862069;-0.275,0.2,-0.183333;1.0,0.0,0.0,0.0
7.64890282;-0.279167,0.2,-0.186111;1.0,0.0,0.0,0.0
7.71159875;-0.283333,0.2,-0.188889;1.0,0.0,0.0,0.0
7.77429467;-0.2875,0.2,-0.191667;1.0,0.0,0.0,0.0
7.8369906;-0.291667,0.2,-0.194444;1.0,0.0,0.0,0.0
7.89968652;-0.295833,0.2,-0.197222;1.0,0.0,0.0,0.0
7.96238245;-0.3,0.2,-0.2;1.0,0.0,0.0,0.0
8.02507837;-0.3,0.195,-0.2;1.0,0.0,0.0,0.0
8.08777429;-0.3,0.19,-0.2;1.0,0.0,0.0,0.0
8.15047022;-0.3,0.185,-0.2;1.0,0.0,0.0,0.0
8.21316614;-0.3,0.18,-0.2;1.0,0.0,0.0,0.0
8.27586207;-0.3,0.175,-0.2;1.0,0.0,0.0,0.0
8.33855799;-0.3,0.17,-0.2;1.0,0.0,0.0,0.0
8.40125392;-0.3,0.165,-0.2;1.0,0.0,0.0,0.0
8.46394984;-0.3,0.16,-0.2;1.0,0.0,0.0,0.0
8.52664577;-0.3,0.155,-0.2;1.0,0.0,0.0,0.0
8.58934169;-0.3,0.15,-0.2;1.0,0.0,0.0,0.0
8.65203762;-0.3,0.145,-0.2;1.0,0.0,0.0,0.0
8.71473354;-0.3,0.14,-0.2;1.0,0.0,0.0,0.0
8.77742947;-0.3,0.135,-0.2;1.0,0.0,0.0,0.0
8.84012539;-0.3,0.13,-0.2;1.0,0.0,0.0,0.0
8.90282132;-0.3,0.125,-0.2;1.0,0.0,0.0,0.0
8.96551724;-0.3,0.12,-0.2;1.0,0.0,0.0,0.0
9.02821317;-0.3,0.115,-0.2;1.0,0.0,0.0,0.0
9.09090909;-0.3,0.11,-0.2;1.0,0.0,0.0,0.0
9.15360502;-0.3,0.105,-0.2;1.0,0.0,0.0,0.0
9.21630094;-0.3,0.1,-0.2;1.0,0.0,0.0,0.0
9.27899687;-0.3,0.095,-0.2;1.0,0.0,0.0,0.0
9.34169279;-0.3,0.09,-0.2;1.0,0.0,0.0,0.0
9.40438871;-0.3,0.085,-0.2;1.0,0.0,0.0,0.0
9.46708464;-0.3,0.08,-0.2;1.0,0.0,0.0,0.0
9.52978056;-0.3,0.075,-0.2;1.0,0.0,0.0,0.0
9.59247649;-0.3,0.07,-0.2;1.0,0.0,0.0,0.0
9.65517241;-0.3,0.065,-0.2;1.0,0.0,0.0,0.0
9.71786834;-0.3,0.06,-0.2;1.0,0.0,0.0,0.0
9.78056426;-0.3,0.055,-0.2;1.0,0.0,0.0,0.0
9.84326019;-0.3,0.05,-0.2;1.0,0.0,0.0,0.0
9.90595611;-0.3,0.045,-0.2;1.0,0.0,0.0,0.0
9.96865204;-0.3,0.04,-0.2;1.0,0.0,0.0,0.0
10.03134796;-0.3,0.035,-0.2;1.0,0.0,0.0,0.0
10.09404389;-0.3,0.03,-0.2;1.0,0.0,0.0,0.0
10.15673981;-0.3,0.025,-0.2;1.0,0.0,0.0,0.0
10.21943574;-0.3,0.02,-0.2;1.0,0.0,0.0,0.0
10.28213166;-0.3,0.015,-0.2;1.0,0.0,0.0,0.0
10.34482759;-0.3,0.01,-0.2;1.0,0.0,0.0,0.0
10.40752351;-0.3,0.005,-0.2;1.0,0.0,0.0,0.0
10.47021944;-0.3,0.0,-0.2;1.0,0.0,0.0,0.0
10.53291536;-0.3,-0.005,-0.2;1.0,0.0,0.0,0.0
10.59561129;-0.3,-0.01,-0.2;1.0,0.0,0.0,0.0
10.65830721;-0.3,-0.015,-0.2;1.0,0.0,0.0,0.0
10.72100313;-0.3,-0.02,-0.2;1.0,0.0,0.0,0.0
10.78369906;-0.3,-0.025,-0.2;1.0,0.0,0.0,0.0
10.84639498;-0.3,-0.03,-0.2;1.0,0.0,0.0,0.0
10.90909091;-0.3,-0.035,-0.2;1.0,0.0,0.0,0.0
10.97178683;-0.3,-0.04,-0.2;1.0,0.0,0.0,0.0
11.03448276;-0.3,-0.045,-0.2;1.0,0.0,0.0,0.0
11.09717868;-0.3,-0.05,-0.2;1.0,0.0,0.0,0.0
11.15987461;-0.3,-0.055,-0.2;1.0,0.0,0.0,0.0
11.22257053;-0.3,-0.06,-0.2;1.0,0.0,0.0,0.0
11.28526646;-0.3,-0.065,-0.2;1.0,0.0,0.0,0.0
11.34796238;-0.3,-0.07,-0.2;1.0,0.0,0.0,0.0
11.41065831;-0.3,-0.075,-0.2;1.0,0.0,0.0,0.0
11.47335423;-0.3,-0.08,-0.2;1.0,0.0,0.0,0.0
11.53605016;-0.3,-0.085,-0.2;1.0,0.0,0.0,0.0
11.59874608;-0.3,-0.09,-0.2;1.0,0.0,0.0,0.0
11.66144201;-0.3,-0.095,-0.2;1.0,0.0,0.0,0.0
11.72413793;-0.3,-0.1,-0.2;1.0,0.0,0.0,0.0
11.78683386;-0.3,-0.105,-0.2;1.0,0.0,0.0,0.0
11.84952978;-0.3,-0.11,-0.2;1.0,0.0,0.0,0.0
11.91222571;-0.3,-0.115,-0.2;1.0,0.0,0.0,0.0
11.97492163;-0.3,-0.12,-0.2;1.0,0.0,0.0,0.0
12.03761755;-0.3,-0.125,-0.2;1.0,0.0,0.0,0.0
12.10031348;-0.3,-0.13,-0.2;1.0,0.0,0.0,0.0
12.1630094;-0.3,-0.135,-0.2;1.0,0.0,0.0,0.0
12.22570533;-0.3,-0.14,-0.2;1.0,0.0,0.0,0.0
12.28840125;-0.3,-0.145,-0.2;1.0,0.0,0.0,0.0
12.35109718;-0.3,-0.15,-0.2;1.0,0.0,0.0,0.0
12.4137931;-0.3,-0.155,-0.2;1.0,0.0,0.0,0.0
12.47648903;-0.3,-0.16,-0.2;1.0,0.0,0.0,0.0
12.53918495;-0.3,-0.165,-0.2;1.0,0.0,0.0,0.0
12.60188088;-0.3,-0.17,-0.2;1.0,0.0,0.0,0.0
12.6645768;-0.3,-0.175,-0.2;1.0,0.0,0.0,0.0
12.72727273;-0.3,-0.18,-0.2;1.0,0.0,0.0,0.0
12.78996865;-0.3,-0.185,-0.2;1.0,0.0,0.0,0.0
12.85266458;-0.3,-0.19,-0.2;1.0,0.0,0.0,0.0
12.9153605;-0.3,-0.195,-0.2;1.0,0.0,0.0,0.0
12.97805643;-0.3,-0.2,-0.2;1.0,0.0,0.0,0.0
13.04075235;-0.295833,-0.2,-0.197222;1.0,0.0,0.0,0.0
13.10344828;-0.291667,-0.2,-0.194444;1.0,0.0,0.0,0.0
13.1661442;-0.2875,-0.2,-0.191667;1.0,0.0,0.0,0.0
13.22884013;-0.283333,-0.2,-0.188889;1.0,0.0,0.0,0.0
13.29153605;-0.279167,-0.2,-0.186111;1.0,0.0,0.0,0.0
13.35423197;-0.275,-0.2,-0.183333;1.0,0.0,0.0,0.0
13.4169279;-0.270833,-0.2,-0.180556;1.0,0.0,0.0,0.0
13.47962382;-0.266667,-0.2,-0.177778;1.0,0.0,0.0,0.0
13.54231975;-0.2625,-0.2,-0.175;1.0,0.0,0.0,0.0
13.60501567;-0.258333,-0.2,-0.172222;1.0,0.0,0.0,0.0
13.6677116;-0.254167,-0.2,-0.169444;1.0,0.0,0.0,0.0
13.73040752;-0.25,-0.2,-0.166667;1.0,0.0,0.0,0.0
13.79310345;-0.245833,-0.2,-0.163889;1.0,0.0,0.0,0.0
13.85579937;-0.241667,-0.2,-0.161111;1.0,0.0,0.0,0.0
13.9184953;-0.2375,-0.2,-0.158333;1.0,0.0,0.0,0.0
13.98119122;-0.233333,-0.2,-0.155556;1.0,0.0,0.0,0.0
14.04388715;-0.229167,-0.2,-0.152778;1.0,0.0,0.0,0.0
14.10658307;-0.225,-0.2,-0.15;1.0,0.0,0.0,0.0
14.169279;-0.220833,-0.2,-0.147222;1.0,0.0,0.0,0.0
14.23197492;-0.216667,-0.2,-0.144444;1.0,0.0,0.0,0.0
14.29467085;-0.2125,-0.2,-0.141667;1.0,0.0,0.0,0.0
14.35736677;-0.208333,-0.2,-0.138889;1.0,0.0,0.0,0.0
14.4200627;-0.204167,-0.2,-0.136111;1.0,0.0,0.0,0.0
14.48275862;-0.2,-0.2,-0.133333;1.0,0.0,0.0,0.0
14.54545455;-0.195833,-0.2,-0.130556;1.0,0.0,0.0,0.0
14.60815047;-0.191667,-0.2,-0.127778;1.0,0.0,0.0,0.0
14.67084639;-0.1875,-0.2,-0.125;1.0,0.0,0.0,0.0
14.73354232;-0.183333,-0.2,-0.122222;1.0,0.0,0.0,0.0
14.79623824;-0.179167,-0.2,-0.119444;1.0,0.0,0.0,0.0
14.85893417;-0.175,-0.2,-0.116667;1.0,0.0,0.0,0.0
14.92163009;-0.170833,-0.2,-0.113889;1.0,0.0,0.0,0.0
14.98432602;-0.166667,-0.2,-0.111111;1.0,0.0,0.0,0.0
15.04702194;-0.1625,-0.2,-0.108333;1.0,0.0,0.0,0.0
15.10971787;-0.158333,-0.2,-0.105556;1.0,0.0,0.0,0.0
15.17241379;-0.154167,-0.2,-0.102778;1.0,0.0,0.0,0.0
15.23510972;-0.15,-0.2,-0.1;1.0,0.0,0.0,0.0
15.29780564;-0.145833,-0.2,-0.097222;1.0,0.0,0.0,0.0
15.36050157;-0.141667,-0.2,-0.094444;1.0,0.0,0.0,0.0
15.42319749;-0.1375,-0.2,-0.091667;1.0,0.0,0.0,0.0
15.48589342;-0.133333,-0.2,-0.088889;1.0,0.0,0.0,0.0
15.54858934;-0.129167,-0.2,-0.086111;1.0,0.0,0.0,0.0
15.61128527;-0.125,-0.2,-0.083333;1.0,0.0,0.0,0.0
15.67398119;-0.120833,-0.2,-0.080556;1.0,0.0,0.0,0.0
15.73667712;-0.116667,-0.2,-0.077778;1.0,0.0,0.0,0.0
15.79937304;-0.1125,-0.2,-0.075;1.0,0.0,0.0,0.0
15.86206897;-0.108333,-0.2,-0.072222;1.0,0.0,0.0,0.0
15.92476489;-0.104167,-0.2,-0.069444;1.0,0.0,0.0,0.0
15.98746082;-0.1,-0.2,-0.066667;1.0,0.0,0.0,0.0
16.05015674;-0.095833,-0.2,-0.063889;1.0,0.0,0.0,0.0
16.11285266;-0.091667,-0.2,-0.061111;1.0,0.0,0.0,0.0
16.17554859;-0.0875,-0.2,-0.058333;1.0,0.0,0.0,0.0
16.23824451;-0.083333,-0.2,-0.055556;1.0,0.0,0.0,0.0
16.30094044;-0.079167,-0.2,-0.052778;1.0,0.0,0.0,0.0
16.36363636;-0.075,-0.2,-0.05;1.0,0.0,0.0,0.0
16.42633229;-0.070833,-0.2,-0.047222;1.0,0.0,0.0,0.0
16.48902821;-0.066667,-0.2,-0.044444;1.0,0.0,0.0,0.0
16.55172414;-0.0625,-0.2,-0.041667;1.0,0.0,0.0,0.0
16.61442006;-0.058333,-0.2,-0.038889;1.0,0.0,0.0,0.0
16.67711599;-0.054167,-0.2,-0.036111;1.0,0.0,0.0,0.0
16.73981191;-0.05,-0.2,-0.033333;1.0,0.0,0.0,0.0
16.80250784;-0.045833,-0.2,-0.030556;1.0,0.0,0.0,0.0
16.86520376;-0.041667,-0.2,-0.027778;1.0,0.0,0.0,0.0
16.92789969;-0.0375,-0.2,-0.025;1.0,0.0,0.0,0.0
16.99059561;-0.033333,-0.2,-0.022222;1.0,0.0,0.0,0.0
17.05329154;-0.029167,-0.2,-0.019444;1.0,0.0,0.0,0.0
17.11598746;-0.025,-0.2,-0.016667;1.0,0.0,0.0,0.0
17.17868339;-0.020833,-0.2,-0.013889;1.0,0.0,0.0,0.0
17.24137931;-0.016667,-0.2,-0.011111;1.0,0.0,0.0,0.0
17.30407524;-0.0125,-0.2,-0.008333;1.0,0.0,0.0,0.0
17.36677116;-0.008333,-0.2,-0.005556;1.0,0.0,0.0,0.0
17.42946708;-0.004167,-0.2,-0.002778;1.0,0.0,0.0,0.0
17.49216301;0.0,-0.2,0.0;1.0,0.0,0.0,0.0
17.55485893;0.0,-0.195,0.0;1.0,0.0,0.0,0.0
17.61755486;0.0,-0.19,0.0;1.0,0.0,0.0,0.0
17.68025078;0.0,-0.185,0.0;1.0,0.0,0.0,0.0
17.74294671;0.0,-0.18,0.0;1.0,0.0,0.0,0.0
17.80564263;0.0,-0.175,0.0;1.0,0.0,0.0,0.0
17.86833856;0.0,-0.17,0.0;1.0,0.0,0.0,0.0
17.93103448;0.0,-0.165,0.0;1.0,0.0,0.0,0.0
17.99373041;0.0,-0.16,0.0;1.0,0.0,0.0,0.0
18.05642633;0.0,-0.155,0.0;1.0,0.0,0.0,0.0
18.11912226;0.0,-0.15,0.0;1.0,0.0,0.0,0.0
18.18181818;0.0,-0.145,0.0;1.0,0.0,0.0,0.0
18.24451411;0.0,-0.14,0.0;1.0,0.0,0.0,0.0
18.30721003;0.0,-0.135,0.0;1.0,0.0,0.0,0.0
18.36990596;0.0,-0.13,0.0;1.0,0.0,0.0,0.0
18.43260188;0.0,-0.125,0.0;1.0,0.0,0.0,0.0
18.49529781;0.0,-0.12,0.0;1.0,0.0,0.0,0.0
18.55799373;0.0,-0.115,0.0;1.0,0.0,0.0,0.0
18.62068966;0.0,-0.11,0.0;1.0,0.0,0.0,0.0
18.68338558;0.0,-0.105,0.0;1.0,0.0,0.0,0.0
18.7460815;0.0,-0.1,0.0;1.0,0.0,0.0,0.0
18.80877743;0.0,-0.095,0.0;1.0,0.0,0.0,0.0
18.87147335;0.0,-0.09,0.0;1.0,0.0,0.0,0.0
18.93416928;0.0,-0.085,0.0;1.0,0.0,0.0,0.0
18.9968652;0.0,-0.08,0.0;1.0,0.0,0.0,0.0
19.05956113;0.0,-0.075,0.0;1.0,0.0,0.0,0.0
19.12225705;0.0,-0.07,0.0;1.0,0.0,0.0,0.0
19.18495298;0.0,-0.065,0.0;1.0,0.0,0.0,0.0
19.2476489;0.0,-0.06,0.0;1.0,0.0,0.0,0.0
19.31034483;0.0,-0.055,0.0;1.0,0.0,0.0,0.0
19.37304075;0.0,-0.05,0.0;1.0,0.0,0.0,0.0
19.43573668;0.0,-0.045,0.0;1.0,0.0,0.0,0.0
19.4984326;0.0,-0.04,0.0;1.0,0.0,0.0,0.0
19.56112853;0.0,-0.035,0.0;1.0,0.0,0.0,0.0
19.62382445;0.0,-0.03,0.0;1.0,0.0,0.0,0.0
19.68652038;0.0,-0.025,0.0;1.0,0.0,0.0,0.0
19.7492163;0.0,-0.02,0.0;1.0,0.0,0.0,0.0
19.81191223;0.0,-0.015,0.0;1.0,0.0,0.0,0.0
19.87460815;0.0,-0.01,0.0;1.0,0.0,0.0,0.0
19.93730408;0.0,-0.005,0.0;1.0,0.0,0.0,0.0
20.0;0.0,0.0,0.0;1.0,0.0,0.0,0.0
