0.0;0.0,0.0,0.0;1.0,0.0,0.0,0.0
0.06666667;0.0,0.0,-0.005;1.0,0.0,0.0,0.0
0.13333333;0.0,0.0,-0.01;1.0,0.0,0.0,0.0
0.2;0.0,0.0,-0.015;1.0,0.0,0.0,0.0
0.26666667;0.0,0.0,-0.02;1.0,0.0,0.0,0.0
0.33333333;0.0,0.0,-0.025;1.0,0.0,0.0,0.0
0.4;0.0,0.0,-0.03;1.0,0.0,0.0,0.0
0.46666667;0.0,0.0,-0.035;1.0,0.0,0.0,0.0
0.53333333;0.0,0.0,-0.04;1.0,0.0,0.0,0.0
0.6;0.0,0.0,-0.045;1.0,0.0,0.0,0.0
0.66666667;0.0,0.0,-0.05;1.0,0.0,0.0,0.0
0.73333333;0.0,0.0,-0.055;1.0,0.0,0.0,0.0
0.8;0.0,0.0,-0.06;1.0,0.0,0.0,0.0
0.86666667;0.0,0.0,-0.065;1.0,0.0,0.0,0.0
0.93333333;0.0,0.0,-0.07;1.0,0.0,0.0,0.0
1.0;0.0,0.0,-0.075;1.0,0.0,0.0,0.0
1.06666667;0.0,0.0,-0.08;1.0,0.0,0.0,0.0
1.13333333;0.0,0.0,-0.085;1.0,0.0,0.0,0.0
1.2;0.0,0.0,-0.09;1.0,0.0,0.0,0.0
1.26666667;0.0,0.0,-0.095;1.0,0.0,0.0,0.0
1.33333333;0.0,0.0,-0.1;1.0,0.0,0.0,0.0
1.4;0.0,0.0,-0.105;1.0,0.0,0.0,0.0
1.46666667;0.0,0.0,-0.11;1.0,0.0,0.0,0.0
1.53333333;0.0,0.0,-0.115;1.0,0.0,0.0,0.0
1.6;0.0,0.0,-0.12;1.0,0.0,0.0,0.0
1.66666667;0.0,0.0,-0.125;1.0,0.0,0.0,0.0
1.73333333;0.0,0.0,-0.13;1.0,0.0,0.0,0.0
1.8;0.0,0.0,-0.135;1.0,0.0,0.0,0.0
1.86666667;0.0,0.0,-0.14;1.0,0.0,0.0,0.0
1.93333333;0.0,0.0,-0.145;1.0,0.0,0.0,0.0
2.0;0.0,0.0,-0.15;1.0,0.0,0.0,0.0
2.06666667;0.0,0.0,-0.155;1.0,0.0,0.0,0.0
2.13333333;0.0,0.0,-0.16;1.0,0.0,0.0,0.0
2.2;0.0,0.0,-0.165;1.0,0.0,0.0,0.0
2.26666667;0.0,0.0,-0.17;1.0,0.0,0.0,0.0
2.33333333;0.0,0.0,-0.175;1.0,0.0,0.0,0.0
2.4;0.0,0.0,-0.18;1.0,0.0,0.0,0.0
2.46666667;0.0,0.0,-0.185;1.0,0.0,0.0,0.0
2.53333333;0.0,0.0,-0.19;1.0,0.0,0.0,0.0
2.6;0.0,0.0,-0.195;1.0,0.0,0.0,0.0
2.66666667;0.0,0.0,-0.2;1.0,0.0,0.0,0.0
2.73333333;0.0,0.0,-0.205;1.0,0.0,0.0,0.0
2.8;0.0,0.0,-0.21;1.0,0.0,0.0,0.0
2.86666667;0.0,0.0,-0.215;1.0,0.0,0.0,0.0
2.93333333;0.0,0.0,-0.22;1.0,0.0,0.0,0.0
3.0;0.0,0.0,-0.225;1.0,0.0,0.0,0.0
3.06666667;0.0,0.0,-0.23;1.0,0.0,0.0,0.0
3.13333333;0.0,0.0,-0.235;1.0,0.0,0.0,0.0
3.2;0.0,0.0,-0.24;1.0,0.0,0.0,0.0
3.26666667;0.0,0.0,-0.245;1.0,0.0,0.0,0.0
3.33333333;0.0,0.0,-0.25;1.0,0.0,0.0,0.0
3.4;0.0,0.0,-0.255;1.0,0.0,0.0,0.0
3.46666667;0.0,0.0,-0.26;1.0,0.0,0.0,0.0
3.53333333;0.0,0.0,-0.265;1.0,0.0,0.0,0.0
3.6;0.0,0.0,-0.27;1.0,0.0,0.0,0.0
3.66666667;0.0,0.0,-0.275;1.0,0.0,0.0,0.0
3.73333333;0.0,0.0,-0.28;1.0,0.0,0.0,0.0
3.8;0.0,0.0,-0.285;1.0,0.0,0.0,0.0
3.86666667;0.0,0.0,-0.29;1.0,0.0,0.0,0.0
3.93333333;0.0,0.0,-0.295;1.0,0.0,0.0,0.0
4.0;0.0,0.0,-0.3;1.0,0.0,0.0,0.0
4.06666667;0.0,-0.005,-0.3;1.0,0.0,0.0,0.0
4.13333333;0.0,-0.01,-0.3;1.0,0.0,0.0,0.0
4.2;0.0,-0.015,-0.3;1.0,0.0,0.0,0.0
4.26666667;0.0,-0.02,-0.3;1.0,0.0,0.0,0.0
4.33333333;0.0,-0.025,-0.3;1.0,0.0,0.0,0.0
4.4;0.0,-0.03,-0.3;1.0,0.0,0.0,0.0
4.46666667;0.0,-0.035,-0.3;1.0,0.0,0.0,0.0
4.53333333;0.0,-0.04,-0.3;1.0,0.0,0.0,0.0
4.6;0.0,-0.045,-0.3;1.0,0.0,0.0,0.0
4.66666667;0.0,-0.05,-0.3;1.0,0.0,0.0,0.0
4.73333333;0.0,-0.055,-0.3;1.0,0.0,0.0,0.0
4.8;0.0,-0.06,-0.3;1.0,0.0,0.0,0.0
4.86666667;0.0,-0.065,-0.3;1.0,0.0,0.0,0.0
4.93333333;0.0,-0.07,-0.3;1.0,0.0,0.0,0.0
5.0;0.0,-0.075,-0.3;1.0,0.0,0.0,0.0
5.06666667;0.0,-0.08,-0.3;1.0,0.0,0.0,0.0
5.13333333;0.0,-0.085,-0.3;1.0,0.0,0.0,0.0
5.2;0.0,-0.09,-0.3;1.0,0.0,0.0,0.0
5.26666667;0.0,-0.095,-0.3;1.0,0.0,0.0,0.0
5.33333333;0.0,-0.1,-0.3;1.0,0.0,0.0,0.0
5.4;0.0,-0.105,-0.3;1.0,0.0,0.0,0.0
5.46666667;0.0,-0.11,-0.3;1.0,0.0,0.0,0.0
5.53333333;0.0,-0.115,-0.3;1.0,0.0,0.0,0.0
5.6;0.0,-0.12,-0.3;1.0,0.0,0.0,0.0
5.66666667;0.0,-0.125,-0.3;1.0,0.0,0.0,0.0
5.73333333;0.0,-0.13,-0.3;1.0,0.0,0.0,0.0
5.8;0.0,-0.135,-0.3;1.0,0.0,0.0,0.0
5.86666667;0.0,-0.14,-0.3;1.0,0.0,0.0,0.0
5.93333333;0.0,-0.145,-0.3;1.0,0.0,0.0,0.0
6.0;0.0,-0.15,-0.3;1.0,0.0,0.0,0.0
6.06666667;0.0,-0.155,-0.3;1.0,0.0,0.0,0.0
6.13333333;0.0,-0.16,-0.3;1.0,0.0,0.0,0.0
6.2;0.0,-0.165,-0.3;1.0,0.0,0.0,0.0
6.26666667;0.0,-0.17,-0.3;1.0,0.0,0.0,0.0
6.33333333;0.0,-0.175,-0.3;1.0,0.0,0.0,0.0
6.4;0.0,-0.18,-0.3;1.0,0.0,0.0,0.0
6.46666667;0.0,-0.185,-0.3;1.0,0.0,0.0,0.0
6.53333333;0.0,-0.19,-0.3;1.0,0.0,0.0,0.0
6.6;0.0,-0.195,-0.3;1.0,0.0,0.0,0.0
6.66666667;0.0,-0.2,-0.3;1.0,0.0,0.0,0.0
6.73333333;0.0,-0.205,-0.3;1.0,0.0,0.0,0.0
6.8;0.0,-0.21,-0.3;1.0,0.0,0.0,0.0
6.86666667;0.0,-0.215,-0.3;1.0,0.0,0.0,0.0
6.93333333;0.0,-0.22,-0.3;1.0,0.0,0.0,0.0
7.0;0.0,-0.225,-0.3;1.0,0.0,0.0,0.0
7.06666667;0.0,-0.23,-0.3;1.0,0.0,0.0,0.0
7.13333333;0.0,-0.235,-0.3;1.0,0.0,0.0,0.0
7.2;0.0,-0.24,-0.3;1.0,0.0,0.0,0.0
7.26666667;0.0,-0.245,-0.3;1.0,0.0,0.0,0.0
7.33333333;0.0,-0.25,-0.3;1.0,0.0,0.0,0.0
7.4;0.0,-0.255,-0.3;1.0,0.0,0.0,0.0
7.46666667;0.0,-0.26,-0.3;1.0,0.0,0.0,0.0
7.53333333;0.0,-0.265,-0.3;1.0,0.0,0.0,0.0
7.6;0.0,-0.27,-0.3;1.0,0.0,0.0,0.0
7.66666667;0.0,-0.275,-0.3;1.0,0.0,0.0,0.0
7.73333333;0.0,-0.28,-0.3;1.0,0.0,0.0,0.0
7.8;0.0,-0.285,-0.3;1.0,0.0,0.0,0.0
7.86666667;0.0,-0.29,-0.3;1.0,0.0,0.0,0.0
7.93333333;0.0,-0.295,-0.3;1.0,0.0,0.0,0.0
8.0;0.0,-0.3,-0.3;1.0,0.0,0.0,0.0
8.06666667;0.0,-0.3,-0.295;1.0,0.0,0.0,0.0
8.13333333;0.0,-0.3,-0.29;1.0,0.0,0.0,0.0
8.2;0.0,-0.3,-0.285;1.0,0.0,0.0,0.0
8.26666667;0.0,-0.3,-0.28;1.0,0.0,0.0,0.0
8.33333333;0.0,-0.3,-0.275;1.0,0.0,0.0,0.0
8.4;0.0,-0.3,-0.27;1.0,0.0,0.0,0.0
8.46666667;0.0,-0.3,-0.265;1.0,0.0,0.0,0.0
8.53333333;0.0,-0.3,-0.26;1.0,0.0,0.0,0.0
8.6;0.0,-0.3,-0.255;1.0,0.0,0.0,0.0
8.66666667;0.0,-0.3,-0.25;1.0,0.0,0.0,0.0
8.73333333;0.0,-0.3,-0.245;1.0,0.0,0.0,0.0
8.8;0.0,-0.3,-0.24;1.0,0.0,0.0,0.0
8.86666667;0.0,-0.3,-0.235;1.0,0.0,0.0,0.0
8.93333333;0.0,-0.3,-0.23;1.0,0.0,0.0,0.0
9.0;0.0,-0.3,-0.225;1.0,0.0,0.0,0.0
9.06666667;0.0,-0.3,-0.22;1.0,0.0,0.0,0.0
9.13333333;0.0,-0.3,-0.215;1.0,0.0,0.0,0.0
9.2;0.0,-0.3,-0.21;1.0,0.0,0.0,0.0
9.26666667;0.0,-0.3,-0.205;1.0,0.0,0.0,0.0
9.33333333;0.0,-0.3,-0.2;1.0,0.0,0.0,0.0
9.4;0.0,-0.3,-0.195;1.0,0.0,0.0,0.0
9.46666667;0.0,-0.3,-0.19;1.0,0.0,0.0,0.0
9.53333333;0.0,-0.3,-0.185;1.0,0.0,0.0,0.0
9.6;0.0,-0.3,-0.18;1.0,0.0,0.0,0.0
9.66666667;0.0,-0.3,-0.175;1.0,0.0,0.0,0.0
9.73333333;0.0,-0.3,-0.17;1.0,0.0,0.0,0.0
9.8;0.0,-0.3,-0.165;1.0,0.0,0.0,0.0
9.86666667;0.0,-0.3,-0.16;1.0,0.0,0.0,0.0
9.93333333;0.0,-0.3,-0.155;1.0,0.0,0.0,0.0
10.0;0.0,-0.3,-0.15;1.0,0.0,0.0,0.0
10.06666667;0.0,-0.3,-0.145;1.0,0.0,0.0,0.0
10.13333333;0.0,-0.3,-0.14;1.0,0.0,0.0,0.0
10.2;0.0,-0.3,-0.135;1.0,0.0,0.0,0.0
10.26666667;0.0,-0.3,-0.13;1.0,0.0,0.0,0.0
10.33333333;0.0,-0.3,-0.125;1.0,0.0,0.0,0.0
10.4;0.0,-0.3,-0.12;1.0,0.0,0.0,0.0
10.46666667;0.0,-0.3,-0.115;1.0,0.0,0.0,0.0
10.53333333;0.0,-0.3,-0.11;1.0,0.0,0.0,0.0
10.6;0.0,-0.3,-0.105;1.0,0.0,0.0,0.0
10.66666667;0.0,-0.3,-0.1;1.0,0.0,0.0,0.0
10.73333333;0.0,-0.3,-0.095;1.0,0.0,0.0,0.0
10.8;0.0,-0.3,-0.09;1.0,0.0,0.0,0.0
10.86666667;0.0,-0.3,-0.085;1.0,0.0,0.0,0.0
10.93333333;0.0,-0.3,-0.08;1.0,0.0,0.0,0.0
11.0;0.0,-0.3,-0.075;1.0,0.0,0.0,0.0
11.06666667;0.0,-0.3,-0.07;1.0,0.0,0.0,0.0
11.13333333;0.0,-0.3,-0.065;1.0,0.0,0.0,0.0
11.2;0.0,-0.3,-0.06;1.0,0.0,0.0,0.0
11.26666667;0.0,-0.3,-0.055;1.0,0.0,0.0,0.0
11.33333333;0.0,-0.3,-0.05;1.0,0.0,0.0,0.0
11.4;0.0,-0.3,-0.045;1.0,0.0,0.0,0.0
11.46666667;0.0,-0.3,-0.04;1.0,0.0,0.0,0.0
11.53333333;0.0,-0.3,-0.035;1.0,0.0,0.0,0.0
11.6;0.0,-0.3,-0.03;1.0,0.0,0.0,0.0
11.66666667;0.0,-0.3,-0.025;1.0,0.0,0.0,0.0
11.73333333;0.0,-0.3,-0.02;1.0,0.0,0.0,0.0
11.8;0.0,-0.3,-0.015;1.0,0.0,0.0,0.0
11.86666667;0.0,-0.3,-0.01;1.0,0.0,0.0,0.0
11.93333333;0.0,-0.3,-0.005;1.0,0.0,0.0,0.0
12.0;0.0,-0.3,0.0;1.0,0.0,0.0,0.0
12.06666667;0.0,-0.305,0.0;1.0,0.0,0.0,0.0
12.13333333;0.0,-0.31,0.0;1.0,0.0,0.0,0.0
12.2;0.0,-0.315,0.0;1.0,0.0,0.0,0.0
12.26666667;0.0,-0.32,0.0;1.0,0.0,0.0,0.0
12.33333333;0.0,-0.325,0.0;1.0,0.0,0.0,0.0
12.4;0.0,-0.33,0.0;1.0,0.0,0.0,0.0
12.46666667;0.0,-0.335,0.0;1.0,0.0,0.0,0.0
12.53333333;0.0,-0.34,0.0;1.0,0.0,0.0,0.0
12.6;0.0,-0.345,0.0;1.0,0.0,0.0,0.0
12.66666667;0.0,-0.35,0.0;1.0,0.0,0.0,0.0
12.73333333;0.0,-0.355,0.0;1.0,0.0,0.0,0.0
12.8;0.0,-0.36,0.0;1.0,0.0,0.0,0.0
12.86666667;0.0,-0.365,0.0;1.0,0.0,0.0,0.0
12.93333333;0.0,-0.37,0.0;1.0,0.0,0.0,0.0
13.0;0.0,-0.375,0.0;1.0,0.0,0.0,0.0
13.06666667;0.0,-0.38,0.0;1.0,0.0,0.0,0.0
13.13333333;0.0,-0.385,0.0;1.0,0.0,0.0,0.0
13.2;0.0,-0.39,0.0;1.0,0.0,0.0,0.0
13.26666667;0.0,-0.395,0.0;1.0,0.0,0.0,0.0
13.33333333;0.0,-0.4,0.0;1.0,0.0,0.0,0.0
13.4;0.0,-0.405,0.0;1.0,0.0,0.0,0.0
13.46666667;0.0,-0.41,0.0;1.0,0.0,0.0,0.0
13.53333333;0.0,-0.415,0.0;1.0,0.0,0.0,0.0
13.6;0.0,-0.42,0.0;1.0,0.0,0.0,0.0
13.66666667;0.0,-0.425,0.0;1.0,0.0,0.0,0.0
13.73333333;0.0,-0.43,0.0;1.0,0.0,0.0,0.0
13.8;0.0,-0.435,0.0;1.0,0.0,0.0,0.0
13.86666667;0.0,-0.44,0.0;1.0,0.0,0.0,0.0
13.93333333;0.0,-0.445,0.0;1.0,0.0,0.0,0.0
14.0;0.0,-0.45,0.0;1.0,0.0,0.0,0.0
14.06666667;0.0,-0.455,0.0;1.0,0.0,0.0,0.0
14.13333333;0.0,-0.46,0.0;1.0,0.0,0.0,0.0
14.2;0.0,-0.465,0.0;1.0,0.0,0.0,0.0
14.26666667;0.0,-0.47,0.0;1.0,0.0,0.0,0.0
14.33333333;0.0,-0.475,0.0;1.0,0.0,0.0,0.0
14.4;0.0,-0.48,0.0;1.0,0.0,0.0,0.0
14.46666667;0.0,-0.485,0.0;1.0,0.0,0.0,0.0
14.53333333;0.0,-0.49,0.0;1.0,0.0,0.0,0.0
14.6;0.0,-0.495,0.0;1.0,0.0,0.0,0.0
14.66666667;0.0,-0.5,0.0;1.0,0.0,0.0,0.0
14.73333333;0.0,-0.505,0.0;1.0,0.0,0.0,0.0
14.8;0.0,-0.51,0.0;1.0,0.0,0.0,0.0
14.86666667;0.0,-0.515,0.0;1.0,0.0,0.0,0.0
14.93333333;0.0,-0.52,0.0;1.0,0.0,0.0,0.0
15.0;0.0,-0.525,0.0;1.0,0.0,0.0,0.0
15.06666667;0.0,-0.53,0.0;1.0,0.0,0.0,0.0
15.13333333;0.0,-0.535,0.0;1.0,0.0,0.0,0.0
15.2;0.0,-0.54,0.0;1.0,0.0,0.0,0.0
15.26666667;0.0,-0.545,0.0;1.0,0.0,0.0,0.0
15.33333333;0.0,-0.55,0.0;1.0,0.0,0.0,0.0
15.4;0.0,-0.555,0.0;1.0,0.0,0.0,0.0
15.46666667;0.0,-0.56,0.0;1.0,0.0,0.0,0.0
15.53333333;0.0,-0.565,0.0;1.0,0.0,0.0,0.0
15.6;0.0,-0.57,0.0;1.0,0.0,0.0,0.0
15.66666667;0.0,-0.575,0.0;1.0,0.0,0.0,0.0
15.73333333;0.0,-0.58,0.0;1.0,0.0,0.0,0.0
15.8;0.0,-0.585,0.0;1.0,0.0,0.0,0.0
15.86666667;0.0,-0.59,0.0;1.0,0.0,0.0,0.0
15.93333333;0.0,-0.595,0.0;1.0,0.0,0.0,0.0
16.0;0.0,-0.6,0.0;1.0,0.0,0.0,0.0
16.06666667;0.0,-0.6,-0.005;1.0,0.0,0.0,0.0
16.13333333;0.0,-0.6,-0.01;1.0,0.0,0.0,0.0
16.2;0.0,-0.6,-0.015;1.0,0.0,0.0,0.0
16.26666667;0.0,-0.6,-0.02;1.0,0.0,0.0,0.0
16.33333333;0.0,-0.6,-0.025;1.0,0.0,0.0,0.0
16.4;0.0,-0.6,-0.03;1.0,0.0,0.0,0.0
16.46666667;0.0,-0.6,-0.035;1.0,0.0,0.0,0.0
16.53333333;0.0,-0.6,-0.04;1.0,0.0,0.0,0.0
16.6;0.0,-0.6,-0.045;1.0,0.0,0.0,0.0
16.66666667;0.0,-0.6,-0.05;1.0,0.0,0.0,0.0
16.73333333;0.0,-0.6,-0.055;1.0,0.0,0.0,0.0
16.8;0.0,-0.6,-0.06;1.0,0.0,0.0,0.0
16.86666667;0.0,-0.6,-0.065;1.0,0.0,0.0,0.0
16.93333333;0.0,-0.6,-0.07;1.0,0.0,0.0,0.0
17.0;0.0,-0.6,-0.075;1.0,0.0,0.0,0.0
17.06666667;0.0,-0.6,-0.08;1.0,0.0,0.0,0.0
17.13333333;0.0,-0.6,-0.085;1.0,0.0,0.0,0.0
17.2;0.0,-0.6,-0.09;1.0,0.0,0.0,0.0
17.26666667;0.0,-0.6,-0.095;1.0,0.0,0.0,0.0
17.33333333;0.0,-0.6,-0.1;1.0,0.0,0.0,0.0
17.4;0.0,-0.6,-0.105;1.0,0.0,0.0,0.0
17.46666667;0.0,-0.6,-0.11;1.0,0.0,0.0,0.0
17.53333333;0.0,-0.6,-0.115;1.0,0.0,0.0,0.0
17.6;0.0,-0.6,-0.12;1.0,0.0,0.0,0.0
17.66666667;0.0,-0.6,-0.125;1.0,0.0,0.0,0.0
17.73333333;0.0,-0.6,-0.13;1.0,0.0,0.0,0.0
17.8;0.0,-0.6,-0.135;1.0,0.0,0.0,0.0
17.86666667;0.0,-0.6,-0.14;1.0,0.0,0.0,0.0
17.93333333;0.0,-0.6,-0.145;1.0,0.0,0.0,0.0
18.0;0.0,-0.6,-0.15;1.0,0.0,0.0,0.0
18.06666667;0.0,-0.6,-0.155;1.0,0.0,0.0,0.0
18.13333333;0.0,-0.6,-0.16;1.0,0.0,0.0,0.0
18.2;0.0,-0.6,-0.165;1.0,0.0,0.0,0.0
18.26666667;0.0,-0.6,-0.17;1.0,0.0,0.0,0.0
18.33333333;0.0,-0.6,-0.175;1.0,0.0,0.0,0.0
18.4;0.0,-0.6,-0.18;1.0,0.0,0.0,0.0
18.46666667;0.0,-0.6,-0.185;1.0,0.0,0.0,0.0
18.53333333;0.0,-0.6,-0.19;1.0,0.0,0.0,0.0
18.6;0.0,-0.6,-0.195;1.0,0.0,0.0,0.0
18.66666667;0.0,-0.6,-0.2;1.0,0.0,0.0,0.0
18.73333333;0.0,-0.6,-0.205;1.0,0.0,0.0,0.0
18.8;0.0,-0.6,-0.21;1.0,0.0,0.0,0.0
18.86666667;0.0,-0.6,-0.215;1.0,0.0,0.0,0.0
18.93333333;0.0,-0.6,-0.22;1.0,0.0,0.0,0.0
19.0;0.0,-0.6,-0.225;1.0,0.0,0.0,0.0
19.06666667;0.0,-0.6,-0.23;1.0,0.0,0.0,0.0
19.13333333;0.0,-0.6,-0.235;1.0,0.0,0.0,0.0
19.2;0.0,-0.6,-0.24;1.0,0.0,0.0,0.0
19.26666667;0.0,-0.6,-0.245;1.0,0.0,0.0,0.0
19.33333333;0.0,-0.6,-0.25;1.0,0.0,0.0,0.0
19.4;0.0,-0.6,-0.255;1.0,0.0,0.0,0.0
19.46666667;0.0,-0.6,-0.26;1.0,0.0,0.0,0.0
19.53333333;0.0,-0.6,-0.265;1.0,0.0,0.0,0.0
19.6;0.0,-0.6,-0.27;1.0,0.0,0.0,0.0
19.66666667;0.0,-0.6,-0.275;1.0,0.0,0.0,0.0
19.73333333;0.0,-0.6,-0.28;1.0,0.0,0.0,0.0
19.8;0.0,-0.6,-0.285;1.0,0.0,0.0,0.0
19.86666667;0.0,-0.6,-0.29;1.0,0.0,0.0,0.0
19.93333333;0.0,-0.6,-0.295;1.0,0.0,0.0,0.0
20.0;-0.0,-0.6,-0.3;1.0,0.0,0.0,0.0
